iteration,food_quantity,event_poll_ms,ants_advance_ms,evaporation_ms,update_ms,advance_total_ms,render_ms,blit_ms,iteration_total_ms,mpi_halo_exchange_ms,mpi_migration_ms,mpi_food_allreduce_ms,mpi_render_comm_ms,mpi_total_comm_ms
1,0,0.000000,3.437053,0.073346,0.001732,3.490090,0.000000,0.000000,3.822216,0.042384,1.214733,0.023522,0.000000,1.259569
2,0,0.000000,1.963147,0.066250,0.001134,2.011702,0.000000,0.000000,2.186081,0.031027,0.412605,0.004160,0.000000,0.444687
3,0,0.000000,1.675358,0.069321,0.001450,1.712072,0.000000,0.000000,1.859697,0.024431,0.632114,0.036373,0.000000,0.660526
4,0,0.000000,1.779903,0.079566,0.001867,1.858959,0.000000,0.000000,1.943513,0.018863,0.555647,0.030472,0.000000,0.603374
5,0,0.000000,1.861468,0.062061,0.001804,1.925333,0.000000,0.000000,2.017408,0.020134,0.642376,0.021823,0.000000,0.682943
6,0,0.000000,1.539708,0.074145,0.001703,1.604055,0.000000,0.000000,1.669189,0.019034,0.532969,0.026983,0.000000,0.578986
7,0,0.000000,2.237623,0.072301,0.001751,2.305494,0.000000,0.000000,2.394003,0.019423,1.287266,0.019700,0.000000,1.326389
8,0,0.000000,2.114687,0.074002,0.001864,2.187078,0.000000,0.000000,2.327335,0.050744,0.887713,0.017946,0.000000,0.956403
9,0,0.000000,2.191654,0.079035,0.001348,2.253672,0.000000,0.000000,2.322051,0.023732,1.180447,0.022211,0.000000,1.212758
10,0,0.000000,2.083463,0.087509,0.001337,2.172238,0.000000,0.000000,2.266232,0.019729,1.073828,0.011643,0.000000,1.104671
11,0,0.000000,2.098924,0.075127,0.001748,2.171761,0.000000,0.000000,2.311608,0.016873,1.117361,0.024496,0.000000,1.158486
12,0,0.000000,2.076867,0.081120,0.001807,2.157344,0.000000,0.000000,2.223062,0.017391,0.988044,0.019215,0.000000,1.024650
13,0,0.000000,2.125781,0.071759,0.001865,2.194801,0.000000,0.000000,2.403632,0.016353,1.185145,0.017746,0.000000,1.219244
14,0,0.000000,2.139139,0.068053,0.001876,2.205591,0.000000,0.000000,2.310721,0.028315,1.096282,0.021839,0.000000,1.146436
15,0,0.000000,2.078805,0.082637,0.001549,2.162263,0.000000,0.000000,2.251192,0.023657,1.088726,0.002243,0.000000,1.113167
16,0,0.000000,2.055747,0.067342,0.001884,2.123160,0.000000,0.000000,2.201683,0.016973,1.145124,0.014723,0.000000,1.176820
17,0,0.000000,2.162216,0.069557,0.001932,2.230212,0.000000,0.000000,2.316519,0.021446,0.975650,0.012362,0.000000,1.009458
18,0,0.000000,2.279974,0.074408,0.002087,2.351521,0.000000,0.000000,2.461723,0.025166,1.210838,0.017289,0.000000,1.253293
19,0,0.000000,2.150126,0.070360,0.002312,2.218962,0.000000,0.000000,2.329710,0.053288,0.957070,0.009536,0.000000,0.999843
20,0,0.000000,2.129403,0.070923,0.002047,2.198432,0.000000,0.000000,2.307844,0.023401,0.655334,0.009260,0.000000,0.680100
21,0,0.000000,2.139737,0.071312,0.001774,2.207792,0.000000,0.000000,2.290917,0.025687,1.143014,0.022823,0.000000,1.190517
22,0,0.000000,2.093146,0.075274,0.002009,2.167761,0.000000,0.000000,2.230514,0.022245,1.069303,0.019443,0.000000,1.110991
23,0,0.000000,2.057709,0.072812,0.001761,2.127110,0.000000,0.000000,2.199537,0.020729,1.055728,0.005410,0.000000,1.076754
24,0,0.000000,2.099984,0.079722,0.001773,2.181479,0.000000,0.000000,2.256925,0.024107,0.933846,0.018912,0.000000,0.976865
25,0,0.000000,2.201056,0.075806,0.002269,2.273806,0.000000,0.000000,2.433450,0.027206,1.107379,0.004561,0.000000,1.136325
26,0,0.000000,2.126038,0.122227,0.001259,2.173010,0.000000,0.000000,2.422612,0.028971,0.994083,0.009703,0.000000,1.025686
27,0,0.000000,1.646205,0.054935,0.001048,1.694812,0.000000,0.000000,1.768849,0.027807,0.501702,0.006576,0.000000,0.530043
28,0,0.000000,1.347062,0.065479,0.000890,1.392784,0.000000,0.000000,1.505814,0.016972,0.297780,0.002421,0.000000,0.315172
29,0,0.000000,1.584098,0.063571,0.001218,1.630692,0.000000,0.000000,1.699766,0.013268,0.446015,0.012996,0.000000,0.460432
30,0,0.000000,1.323442,0.079098,0.001119,1.385965,0.000000,0.000000,1.467222,0.024999,0.370205,0.020134,0.000000,0.415338
31,0,0.000000,1.447145,0.045884,0.001116,1.490836,0.000000,0.000000,1.537301,0.014913,0.574240,0.003111,0.000000,0.589775
32,0,0.000000,1.577284,0.048037,0.001135,1.621610,0.000000,0.000000,1.723037,0.016497,0.464934,0.003376,0.000000,0.481525
33,0,0.000000,1.312788,0.062083,0.000977,1.373027,0.000000,0.000000,1.432166,0.025570,0.413022,0.002660,0.000000,0.440339
34,0,0.000000,1.535694,0.092971,0.001618,1.597990,0.000000,0.000000,1.697249,0.012495,0.576495,0.002557,0.000000,0.591547
35,0,0.000000,1.487052,0.051622,0.001148,1.537100,0.000000,0.000000,1.600690,0.026214,0.469131,0.003604,0.000000,0.495797
36,0,0.000000,1.517495,0.074202,0.001814,1.574529,0.000000,0.000000,1.746789,0.017518,0.557106,0.003058,0.000000,0.575514
37,0,0.000000,1.764146,0.077728,0.001750,1.825135,0.000000,0.000000,1.928314,0.044345,0.229468,0.016782,0.000000,0.274451
38,0,0.000000,1.709753,0.052750,0.001346,1.758219,0.000000,0.000000,1.940336,0.033168,0.431159,0.003413,0.000000,0.464742
39,0,0.000000,1.699091,0.079713,0.001399,1.742529,0.000000,0.000000,1.839806,0.022445,0.293197,0.040223,0.000000,0.327609
40,0,0.000000,1.672574,0.078619,0.001768,1.751276,0.000000,0.000000,1.893412,0.025151,0.341065,0.018133,0.000000,0.383220
41,0,0.000000,2.049877,0.055055,0.001260,2.103036,0.000000,0.000000,2.214665,0.016387,0.608717,0.004505,0.000000,0.624698
42,0,0.000000,1.581790,0.053182,0.001035,1.628355,0.000000,0.000000,1.723628,0.029899,0.481419,0.005663,0.000000,0.512024
43,0,0.000000,1.841288,0.098475,0.001742,1.903383,0.000000,0.000000,2.005373,0.017756,0.603675,0.004021,0.000000,0.625452
44,0,0.000000,1.888220,0.085355,0.002467,1.957874,0.000000,0.000000,2.043843,0.033274,0.289370,0.024361,0.000000,0.324692
45,0,0.000000,2.147451,0.074868,0.002273,2.202256,0.000000,0.000000,2.377182,0.029113,0.507298,0.012451,0.000000,0.548228
46,0,0.000000,2.070543,0.084978,0.001999,2.128902,0.000000,0.000000,2.351831,0.035459,0.593960,0.000916,0.000000,0.628873
47,0,0.000000,2.142635,0.058186,0.001166,2.201956,0.000000,0.000000,2.386997,0.031894,0.645442,0.002791,0.000000,0.675334
48,0,0.000000,2.108297,0.073624,0.001838,2.178349,0.000000,0.000000,2.322524,0.023505,0.789635,0.001739,0.000000,0.811842
49,0,0.000000,2.149244,0.061536,0.001890,2.197509,0.000000,0.000000,2.315755,0.027672,0.888509,0.008123,0.000000,0.915643
50,0,0.000000,2.140469,0.100389,0.002083,2.213872,0.000000,0.000000,2.372132,0.021478,0.792518,0.002888,0.000000,0.814136
51,0,0.000000,2.134349,0.060437,0.001205,2.188889,0.000000,0.000000,2.332698,0.033570,0.578878,0.008952,0.000000,0.616082
52,0,0.000000,2.093729,0.075024,0.001939,2.162835,0.000000,0.000000,2.285743,0.025256,0.619061,0.001577,0.000000,0.645894
53,0,0.000000,2.211569,0.077425,0.001908,2.282569,0.000000,0.000000,2.357222,0.030209,0.883162,0.002746,0.000000,0.908003
54,0,0.000000,2.093014,0.072051,0.001978,2.159602,0.000000,0.000000,2.244142,0.036343,0.618275,0.001937,0.000000,0.648102
55,0,0.000000,2.149266,0.084500,0.001868,2.226530,0.000000,0.000000,2.391549,0.025979,0.691593,0.002283,0.000000,0.716250
56,0,0.000000,2.086015,0.066363,0.001527,2.153791,0.000000,0.000000,2.396892,0.036516,0.750911,0.013465,0.000000,0.783614
57,0,0.000000,1.414960,0.052059,0.001310,1.459085,0.000000,0.000000,1.602383,0.024429,0.394245,0.026627,0.000000,0.435161
58,0,0.000000,1.276111,0.053969,0.001088,1.325316,0.000000,0.000000,1.404919,0.024400,0.337380,0.004041,0.000000,0.362443
59,0,0.000000,1.487277,0.059560,0.001199,1.535166,0.000000,0.000000,1.660533,0.014114,0.478431,0.010772,0.000000,0.495211
60,0,0.000000,1.428893,0.056101,0.001139,1.477440,0.000000,0.000000,1.574020,0.021482,0.301606,0.004160,0.000000,0.323865
61,0,0.000000,1.366528,0.048510,0.001016,1.412344,0.000000,0.000000,1.473266,0.022145,0.458567,0.003759,0.000000,0.481145
62,0,0.000000,1.924238,0.078397,0.001717,1.999463,0.000000,0.000000,2.081985,0.018243,0.739556,0.007193,0.000000,0.764360
63,0,0.000000,1.807928,0.064683,0.001513,1.874124,0.000000,0.000000,2.002789,0.036827,0.399176,0.012892,0.000000,0.448895
64,0,0.000000,1.945756,0.092579,0.002042,2.027179,0.000000,0.000000,2.153360,0.024675,0.645724,0.008851,0.000000,0.672425
65,0,0.000000,2.027120,0.065317,0.001403,2.086644,0.000000,0.000000,2.208453,0.045461,0.673465,0.011524,0.000000,0.730450
66,0,0.000000,1.845877,0.056451,0.001317,1.901324,0.000000,0.000000,1.981644,0.025546,0.652094,0.012108,0.000000,0.689748
67,0,0.000000,1.520317,0.043704,0.001157,1.565178,0.000000,0.000000,1.639998,0.025618,0.575406,0.003873,0.000000,0.604897
68,0,0.000000,1.662153,0.060843,0.001398,1.712192,0.000000,0.000000,1.774290,0.018083,0.660955,0.014390,0.000000,0.687862
69,0,0.000000,1.571365,0.085693,0.001094,1.637127,0.000000,0.000000,1.741666,0.025472,0.664650,0.023007,0.000000,0.707779
70,0,0.000000,6.936679,0.092867,0.002418,7.022081,0.000000,0.000000,7.131258,0.012861,6.055470,0.014783,0.000000,6.082599
71,0,0.000000,2.433038,0.072524,0.001286,2.506492,0.000000,0.000000,2.710107,0.039606,0.697192,0.007448,0.000000,0.744246
72,0,0.000000,2.323792,0.095449,0.002024,2.397518,0.000000,0.000000,2.493757,0.038577,0.811892,0.002019,0.000000,0.849663
73,0,0.000000,2.292771,0.078536,0.002072,2.369715,0.000000,0.000000,2.474004,0.043909,1.173270,0.018317,0.000000,1.222924
74,0,0.000000,2.177364,0.078604,0.001998,2.250018,0.000000,0.000000,2.373281,0.035762,0.995056,0.006168,0.000000,1.030831
75,0,0.000000,2.149629,0.065332,0.001627,2.201794,0.000000,0.000000,2.391223,0.034143,0.898820,0.010607,0.000000,0.934140
76,0,0.000000,1.452541,0.062174,0.001337,1.507143,0.000000,0.000000,1.655511,0.051513,0.255747,0.024743,0.000000,0.323661
77,0,0.000000,1.404457,0.053747,0.001156,1.457077,0.000000,0.000000,1.576275,0.025949,0.225236,0.001950,0.000000,0.251540
78,0,0.000000,1.339842,0.052386,0.001064,1.392464,0.000000,0.000000,1.460807,0.023153,0.351847,0.000965,0.000000,0.375407
79,0,0.000000,1.348372,0.054871,0.001255,1.404498,0.000000,0.000000,1.452257,0.019986,0.333898,0.012115,0.000000,0.358594
80,0,0.000000,2.399596,0.084582,0.002249,2.478149,0.000000,0.000000,2.565007,0.025380,1.289828,0.000923,0.000000,1.314187
81,0,0.000000,2.056907,0.059106,0.001577,2.110159,0.000000,0.000000,2.263216,0.032829,0.825664,0.005669,0.000000,0.854109
82,0,0.000000,1.392639,0.060759,0.001445,1.441751,0.000000,0.000000,1.546022,0.030949,0.268264,0.006462,0.000000,0.297848
83,0,0.000000,1.483499,0.061502,0.001499,1.533578,0.000000,0.000000,1.665033,0.027751,0.256153,0.017431,0.000000,0.287347
84,0,0.000000,1.434708,0.055127,0.001328,1.490872,0.000000,0.000000,1.622068,0.028357,0.279117,0.010775,0.000000,0.304671
85,0,0.000000,2.593692,0.078732,0.001287,2.673711,0.000000,0.000000,2.769731,0.043259,1.401395,0.008089,0.000000,1.448591
86,0,0.000000,2.172062,0.071970,0.001745,2.229217,0.000000,0.000000,2.405557,0.038306,0.856508,0.001601,0.000000,0.896415
87,0,0.000000,1.889658,0.059296,0.001513,1.950153,0.000000,0.000000,2.055612,0.027608,0.456771,0.006346,0.000000,0.489753
88,0,0.000000,2.041405,0.066648,0.001231,2.086337,0.000000,0.000000,2.243417,0.027510,0.969080,0.003020,0.000000,0.999006
89,0,0.000000,1.669812,0.053536,0.001281,1.723770,0.000000,0.000000,1.855564,0.044265,0.474327,0.000786,0.000000,0.517173
90,0,0.000000,1.455422,0.049960,0.001067,1.497835,0.000000,0.000000,1.568131,0.022354,0.427842,0.009893,0.000000,0.453821
91,0,0.000000,1.517289,0.064692,0.001353,1.567274,0.000000,0.000000,1.649803,0.020701,0.388784,0.018075,0.000000,0.416065
92,0,0.000000,1.997492,0.066987,0.001398,2.060281,0.000000,0.000000,2.212873,0.029447,0.766334,0.020104,0.000000,0.814023
93,0,0.000000,1.613773,0.067277,0.001449,1.667198,0.000000,0.000000,1.772209,0.031486,0.376913,0.016940,0.000000,0.406540
94,0,0.000000,1.424649,0.051057,0.001024,1.473847,0.000000,0.000000,1.537635,0.034406,0.381265,0.001056,0.000000,0.416466
95,0,0.000000,1.808349,0.232965,0.001823,2.043137,0.000000,0.000000,2.117890,0.017559,0.732450,0.015064,0.000000,0.765073
96,0,0.000000,2.513512,0.095832,0.002315,2.588356,0.000000,0.000000,2.715658,0.033117,1.333511,0.002235,0.000000,1.366099
97,0,0.000000,2.213110,0.077686,0.001910,2.283656,0.000000,0.000000,2.411650,0.033986,0.642498,0.023211,0.000000,0.699695
98,0,0.000000,2.048010,0.069593,0.001712,2.117397,0.000000,0.000000,2.191704,0.034640,0.965117,0.012926,0.000000,1.012683
99,0,0.000000,1.837765,0.087233,0.001956,1.926193,0.000000,0.000000,1.987188,0.043614,0.114653,0.023457,0.000000,0.181724
100,0,0.000000,1.791990,0.098742,0.001877,1.862400,0.000000,0.000000,2.015333,0.033214,0.382850,0.003621,0.000000,0.416822
101,0,0.000000,1.745423,0.071762,0.001870,1.815208,0.000000,0.000000,1.966004,0.029950,0.271489,0.018199,0.000000,0.302201
102,0,0.000000,1.760328,0.072475,0.001857,1.828958,0.000000,0.000000,1.946089,0.026886,0.320195,0.003194,0.000000,0.347877
103,0,0.000000,1.748756,0.077714,0.001935,1.824397,0.000000,0.000000,1.912993,0.025273,0.252198,0.022766,0.000000,0.278234
104,0,0.000000,1.781144,0.074909,0.001994,1.853832,0.000000,0.000000,1.980995,0.029097,0.404565,0.019823,0.000000,0.452500
105,0,0.000000,1.717674,0.068559,0.001791,1.786117,0.000000,0.000000,1.891036,0.024099,0.288072,0.018354,0.000000,0.330212
106,0,0.000000,1.739519,0.057999,0.001578,1.791567,0.000000,0.000000,1.940167,0.021509,0.339782,0.001791,0.000000,0.363082
107,0,0.000000,1.836676,0.080608,0.001723,1.919007,0.000000,0.000000,2.026270,0.021081,0.438097,0.028473,0.000000,0.461419
108,0,0.000000,1.771402,0.069359,0.001829,1.840588,0.000000,0.000000,1.905315,0.022071,0.381719,0.011902,0.000000,0.413528
109,0,0.000000,1.808515,0.112513,0.001253,1.856130,0.000000,0.000000,1.982792,0.023095,0.273545,0.007892,0.000000,0.293870
110,0,0.000000,1.504347,0.052042,0.001083,1.544072,0.000000,0.000000,1.637072,0.027389,0.240494,0.010429,0.000000,0.267144
111,0,0.000000,1.612683,0.090105,0.001307,1.704095,0.000000,0.000000,1.850686,0.019417,0.502379,0.045396,0.000000,0.554419
112,0,0.000000,1.397679,0.061263,0.000997,1.459939,0.000000,0.000000,1.539279,0.025325,0.434428,0.001353,0.000000,0.461106
113,0,0.000000,1.658103,0.087441,0.001231,1.707198,0.000000,0.000000,1.885421,0.013679,0.666260,0.040947,0.000000,0.704047
114,0,0.000000,1.445558,0.057669,0.001438,1.496279,0.000000,0.000000,1.602809,0.025107,0.440208,0.005348,0.000000,0.466755
115,0,0.000000,2.177172,0.073846,0.001777,2.248022,0.000000,0.000000,2.329612,0.034851,0.990186,0.020645,0.000000,1.045682
116,0,0.000000,2.378783,0.077711,0.002165,2.454486,0.000000,0.000000,2.549040,0.037196,1.132926,0.004868,0.000000,1.172117
117,0,0.000000,2.322111,0.082965,0.001920,2.401312,0.000000,0.000000,2.540265,0.029085,0.896637,0.019460,0.000000,0.944863
118,0,0.000000,2.253188,0.061499,0.001249,2.312941,0.000000,0.000000,2.544346,0.047637,1.027104,0.004100,0.000000,1.078841
119,0,0.000000,2.284320,0.103531,0.001880,2.362621,0.000000,0.000000,2.505499,0.029146,0.733344,0.030155,0.000000,0.790501
120,0,0.000000,1.742937,0.067149,0.001654,1.810964,0.000000,0.000000,1.935911,0.024416,0.213836,0.016004,0.000000,0.248701
121,0,0.000000,1.923153,0.073976,0.001686,1.979940,0.000000,0.000000,2.117776,0.037836,0.206064,0.019317,0.000000,0.241889
122,0,0.000000,1.768520,0.074624,0.001599,1.844279,0.000000,0.000000,3.265855,0.024621,1.541637,0.006078,0.000000,1.569518
123,0,0.000000,1.928753,0.087976,0.002284,2.012232,0.000000,0.000000,2.228699,0.086022,0.299159,0.003657,0.000000,0.373117
124,0,0.000000,1.883938,0.070374,0.001833,1.955351,0.000000,0.000000,2.064513,0.069726,0.336578,0.014610,0.000000,0.379831
125,0,0.000000,1.876370,0.073394,0.001732,1.926369,0.000000,0.000000,2.121396,0.035752,0.374388,0.025373,0.000000,0.409579
126,0,0.000000,1.822817,0.090966,0.010123,1.910394,0.000000,0.000000,1.983054,0.030402,0.351914,0.032456,0.000000,0.413515
127,0,0.000000,1.706680,0.058775,0.001162,1.766524,0.000000,0.000000,1.857678,0.020078,0.273335,0.012130,0.000000,0.305543
128,0,0.000000,1.416445,0.046999,0.001068,1.463829,0.000000,0.000000,1.515373,0.025439,0.520808,0.000786,0.000000,0.546543
129,0,0.000000,1.439876,0.059070,0.001259,1.500205,0.000000,0.000000,1.546041,0.019142,0.497672,0.004556,0.000000,0.521144
130,0,0.000000,1.534692,0.057585,0.001130,1.584442,0.000000,0.000000,1.708304,0.015190,0.650127,0.001967,0.000000,0.665721
131,0,0.000000,1.376727,0.086845,0.000950,1.464522,0.000000,0.000000,1.510634,0.018899,0.434721,0.002087,0.000000,0.454453
132,0,0.000000,1.576693,0.048826,0.001317,1.625241,0.000000,0.000000,1.684594,0.013509,0.658587,0.001607,0.000000,0.672947
133,0,0.000000,1.310094,0.068741,0.001003,1.378270,0.000000,0.000000,1.438116,0.021318,0.279157,0.000859,0.000000,0.300974
134,0,0.000000,1.280321,0.047717,0.001047,1.327510,0.000000,0.000000,1.372990,0.014501,0.333624,0.000973,0.000000,0.348629
135,0,0.000000,3.047540,0.079142,0.002072,3.128754,0.000000,0.000000,3.237222,0.013028,1.930763,0.052172,0.000000,1.991183
136,0,0.000000,1.431656,0.051795,0.001018,1.479576,0.000000,0.000000,1.567061,0.031219,0.408962,0.001656,0.000000,0.440993
137,0,0.000000,1.371110,0.045450,0.001202,1.411907,0.000000,0.000000,1.491617,0.017281,0.414140,0.005417,0.000000,0.436838
138,0,0.000000,1.321049,0.075831,0.001005,1.396851,0.000000,0.000000,1.443687,0.014553,0.429319,0.003803,0.000000,0.447675
139,0,0.000000,1.347778,0.045877,0.001012,1.392531,0.000000,0.000000,1.469428,0.012161,0.463583,0.003086,0.000000,0.477675
140,0,0.000000,1.304834,0.069966,0.000991,1.374118,0.000000,0.000000,1.421323,0.027177,0.383344,0.004100,0.000000,0.414621
141,0,0.000000,1.351002,0.041694,0.001011,1.389843,0.000000,0.000000,1.427430,0.012999,0.479037,0.007122,0.000000,0.499158
142,0,0.000000,1.369347,0.041741,0.001047,1.409093,0.000000,0.000000,1.445398,0.011906,0.465457,0.003569,0.000000,0.479034
143,0,0.000000,1.334971,0.055138,0.001020,1.384571,0.000000,0.000000,1.476234,0.012994,0.467208,0.009670,0.000000,0.489872
144,0,0.000000,1.358854,0.043722,0.001175,1.400942,0.000000,0.000000,1.441282,0.011050,0.468891,0.003572,0.000000,0.483296
145,0,0.000000,1.394400,0.048890,0.001105,1.444384,0.000000,0.000000,1.487767,0.013795,0.510951,0.006445,0.000000,0.530464
146,0,0.000000,1.278197,0.101203,0.001076,1.352021,0.000000,0.000000,1.428774,0.014896,0.372653,0.033245,0.000000,0.415964
147,0,0.000000,1.296637,0.051568,0.000992,1.349197,0.000000,0.000000,1.417192,0.013296,0.393123,0.007754,0.000000,0.410037
148,0,0.000000,1.392815,0.061411,0.001356,1.455582,0.000000,0.000000,1.535304,0.012656,0.514077,0.024575,0.000000,0.543396
149,0,0.000000,2.401269,0.064900,0.001176,2.464867,0.000000,0.000000,2.572850,0.043632,1.478070,0.005272,0.000000,1.497612
150,0,0.000000,2.528659,0.084203,0.001200,2.614062,0.000000,0.000000,2.725230,0.023208,1.473810,0.033238,0.000000,1.529719
151,0,0.000000,1.882663,0.106550,0.001141,1.939188,0.000000,0.000000,2.123447,0.083213,0.866810,0.000904,0.000000,0.950192
152,0,0.000000,1.754676,0.102831,0.001398,1.851320,0.000000,0.000000,1.951339,0.022654,0.697683,0.002779,0.000000,0.716792
153,0,0.000000,1.722380,0.079351,0.001321,1.802510,0.000000,0.000000,1.876772,0.017168,0.709670,0.000830,0.000000,0.723573
154,0,0.000000,2.894254,0.094328,0.002166,2.990748,0.000000,0.000000,3.087326,0.016440,1.830634,0.002020,0.000000,1.845925
155,0,0.000000,3.234168,0.059309,0.001234,3.293621,0.000000,0.000000,3.380192,0.027311,1.962336,0.002025,0.000000,1.991316
156,0,0.000000,1.373300,0.074623,0.001192,1.423094,0.000000,0.000000,1.644895,0.026143,0.253466,0.027364,0.000000,0.277923
157,0,0.000000,4.034286,0.098108,0.001837,4.134231,0.000000,0.000000,4.262586,0.019736,2.976103,0.032867,0.000000,3.027325
158,0,0.000000,3.606875,0.108136,0.001802,3.685769,0.000000,0.000000,3.921442,0.039353,1.854758,0.002421,0.000000,1.887720
159,0,0.000000,2.916972,0.094196,0.001814,3.012982,0.000000,0.000000,3.169513,0.044113,1.608878,0.006159,0.000000,1.647336
160,0,0.000000,1.391856,0.047673,0.001061,1.435107,0.000000,0.000000,1.506881,0.029803,0.177656,0.004011,0.000000,0.207908
161,0,0.000000,1.267843,0.047240,0.001229,1.316074,0.000000,0.000000,1.370814,0.023049,0.111172,0.008376,0.000000,0.138994
162,0,0.000000,1.439375,0.050629,0.001394,1.484167,0.000000,0.000000,1.542935,0.019863,0.386530,0.011466,0.000000,0.406843
163,0,0.000000,1.262268,0.055167,0.001126,1.316760,0.000000,0.000000,1.413553,0.017777,0.224833,0.001982,0.000000,0.243404
164,0,0.000000,1.335496,0.054653,0.001096,1.389547,0.000000,0.000000,1.427976,0.013120,0.252412,0.001158,0.000000,0.266315
165,0,0.000000,1.260755,0.068805,0.001319,1.322548,0.000000,0.000000,1.376554,0.015657,0.246249,0.007905,0.000000,0.262346
166,0,0.000000,1.291848,0.078135,0.001099,1.363463,0.000000,0.000000,1.415227,0.015278,0.276927,0.009241,0.000000,0.297392
167,0,0.000000,1.356320,0.072871,0.001267,1.424738,0.000000,0.000000,1.485831,0.012427,0.323656,0.006626,0.000000,0.338419
168,0,0.000000,1.368842,0.058899,0.002803,1.430544,0.000000,0.000000,1.577728,0.014693,0.197207,0.043727,0.000000,0.244270
169,0,0.000000,1.414462,0.047328,0.000940,1.458573,0.000000,0.000000,1.520157,0.024765,0.313506,0.003441,0.000000,0.338916
170,0,0.000000,1.323382,0.053790,0.001046,1.373842,0.000000,0.000000,1.434674,0.015888,0.292816,0.002511,0.000000,0.309334
171,0,0.000000,1.316087,0.082082,0.000999,1.387712,0.000000,0.000000,1.487978,0.013570,0.293468,0.010099,0.000000,0.307816
172,0,0.000000,1.368329,0.050885,0.001078,1.414772,0.000000,0.000000,1.451922,0.012776,0.330568,0.003597,0.000000,0.343879
173,0,0.000000,1.297414,0.075736,0.000983,1.368621,0.000000,0.000000,1.412487,0.013497,0.288589,0.004718,0.000000,0.302890
174,0,0.000000,1.304975,0.078764,0.001074,1.370052,0.000000,0.000000,1.417493,0.011504,0.296457,0.017076,0.000000,0.321904
175,0,0.000000,1.325176,0.077441,0.001012,1.396130,0.000000,0.000000,1.441457,0.011022,0.304729,0.005120,0.000000,0.316425
176,0,0.000000,1.305271,0.079319,0.000926,1.375231,0.000000,0.000000,1.431140,0.014427,0.329327,0.010898,0.000000,0.348442
177,0,0.000000,1.351131,0.079271,0.001045,1.427094,0.000000,0.000000,1.468829,0.010516,0.361936,0.005363,0.000000,0.374339
178,0,0.000000,1.306429,0.070312,0.001106,1.369817,0.000000,0.000000,1.415671,0.011042,0.312213,0.008556,0.000000,0.326799
179,0,0.000000,1.317065,0.075641,0.001058,1.389619,0.000000,0.000000,1.440992,0.013366,0.356511,0.014424,0.000000,0.371462
180,0,0.000000,1.328556,0.063609,0.000988,1.384610,0.000000,0.000000,1.441220,0.011468,0.361645,0.004014,0.000000,0.374359
181,0,0.000000,1.327094,0.077926,0.001038,1.401284,0.000000,0.000000,1.447717,0.013065,0.340997,0.005753,0.000000,0.358696
182,0,0.000000,1.316408,0.049171,0.000954,1.364741,0.000000,0.000000,1.409010,0.011444,0.362553,0.000980,0.000000,0.374565
183,0,0.000000,1.397303,0.045496,0.001147,1.436847,0.000000,0.000000,1.493740,0.010690,0.359195,0.007839,0.000000,0.370259
184,0,0.000000,1.403296,0.087111,0.001219,1.491306,0.000000,0.000000,1.550823,0.019672,0.229120,0.005177,0.000000,0.246830
185,0,0.000000,1.854603,0.077057,0.000973,1.932519,0.000000,0.000000,1.998377,0.026500,0.694093,0.004877,0.000000,0.716628
186,0,0.000000,2.095409,0.099277,0.001167,2.195836,0.000000,0.000000,2.307762,0.067681,0.993611,0.008011,0.000000,1.009977
187,0,0.000000,1.885517,0.082253,0.001775,1.968718,0.000000,0.000000,2.065517,0.025764,0.714689,0.001111,0.000000,0.741484
188,0,0.000000,2.663447,0.169903,0.001094,2.834383,0.000000,0.000000,2.903540,0.025279,1.471517,0.004961,0.000000,1.493986
189,0,0.000000,2.627077,0.193375,0.001199,2.821651,0.000000,0.000000,2.880321,0.021549,1.622564,0.006933,0.000000,1.651046
190,0,0.000000,2.525413,0.125802,0.001173,2.652388,0.000000,0.000000,2.724392,0.029223,1.541238,0.004480,0.000000,1.574866
191,0,0.000000,2.517069,0.097872,0.001729,2.616670,0.000000,0.000000,2.760576,0.016277,1.538338,0.017177,0.000000,1.571193
192,0,0.000000,2.422343,0.058520,0.001242,2.473848,0.000000,0.000000,2.563857,0.018411,1.143358,0.007943,0.000000,1.161937
193,0,0.000000,1.589216,0.059724,0.001013,1.633177,0.000000,0.000000,1.727228,0.027102,0.349784,0.008466,0.000000,0.378211
194,0,0.000000,1.534556,0.060851,0.001246,1.596534,0.000000,0.000000,1.657453,0.028304,0.527916,0.024197,0.000000,0.574229
195,0,0.000000,2.241064,0.135287,0.001685,2.304210,0.000000,0.000000,2.753833,0.019310,1.486758,0.004524,0.000000,1.509878
196,0,0.000000,2.718170,0.054157,0.001295,2.771001,0.000000,0.000000,2.838651,0.031917,1.534689,0.003715,0.000000,1.557565
197,0,0.000000,1.433256,0.050100,0.001256,1.481994,0.000000,0.000000,1.536329,0.046720,0.152901,0.008669,0.000000,0.199711
198,0,0.000000,1.234472,0.054688,0.001140,1.289753,0.000000,0.000000,1.378119,0.018468,0.221858,0.004020,0.000000,0.240771
199,0,0.000000,1.189206,0.064089,0.001166,1.250834,0.000000,0.000000,1.359396,0.013045,0.196969,0.012674,0.000000,0.222688
200,0,0.000000,1.331597,0.075410,0.001054,1.406026,0.000000,0.000000,1.452502,0.013249,0.334904,0.004429,0.000000,0.348549
201,0,0.000000,1.671397,0.100789,0.001475,1.719733,0.000000,0.000000,1.938320,0.014194,0.710413,0.001490,0.000000,0.724764
202,0,0.000000,3.900485,0.099989,0.001902,4.001906,0.000000,0.000000,4.107661,0.026579,2.640728,0.002527,0.000000,2.664300
203,0,0.000000,2.026082,0.082784,0.001677,2.110543,0.000000,0.000000,2.207532,0.037978,0.347870,0.039821,0.000000,0.421661
204,0,0.000000,2.456166,0.144437,0.001442,2.601855,0.000000,0.000000,2.669490,0.026456,1.394709,0.078809,0.000000,1.493859
205,0,0.000000,2.241887,0.143815,0.001239,2.386941,0.000000,0.000000,2.449475,0.018992,1.205514,0.100918,0.000000,1.324366
206,0,0.000000,2.111551,0.106043,0.001074,2.218668,0.000000,0.000000,2.284979,0.015885,1.141879,0.051754,0.000000,1.203512
207,0,0.000000,2.001566,0.064632,0.001182,2.046959,0.000000,0.000000,2.187764,0.013306,0.888512,0.012816,0.000000,0.914634
208,0,0.000000,2.660576,0.075082,0.001269,2.736881,0.000000,0.000000,2.792534,0.017764,1.652483,0.001074,0.000000,1.670216
209,0,0.000000,2.751701,0.083134,0.001563,2.836398,0.000000,0.000000,2.957240,0.019972,1.646035,0.007244,0.000000,1.673251
210,0,0.000000,2.642131,0.101859,0.001705,2.745695,0.000000,0.000000,2.820683,0.020274,1.595427,0.002198,0.000000,1.617281
211,0,0.000000,2.582710,0.147248,0.001496,2.731454,0.000000,0.000000,2.789463,0.015291,1.546399,0.003142,0.000000,1.564832
212,0,0.000000,2.543109,0.109352,0.047987,2.654157,0.000000,0.000000,2.895976,0.017927,1.598952,0.037316,0.000000,1.653616
213,0,0.000000,3.219760,0.109800,0.003020,3.332580,0.000000,0.000000,3.459201,0.033648,1.649499,0.054614,0.000000,1.693867
214,0,0.000000,3.835086,0.148120,0.003151,3.963974,0.000000,0.000000,4.132701,0.054557,2.348006,0.054224,0.000000,2.403277
215,0,0.000000,3.836961,0.069352,0.001515,3.903516,0.000000,0.000000,4.127162,0.120824,2.282337,0.001500,0.000000,2.388058
216,0,0.000000,2.346871,0.058138,0.001351,2.405515,0.000000,0.000000,2.594585,0.053744,1.148697,0.004634,0.000000,1.192497
217,0,0.000000,2.223006,0.089068,0.001379,2.272003,0.000000,0.000000,2.429198,0.019380,0.987460,0.035405,0.000000,1.041705
218,0,0.000000,3.107986,0.083366,0.001497,3.181479,0.000000,0.000000,3.393707,0.130686,2.075088,0.031113,0.000000,2.134099
219,0,0.000000,2.719516,0.079792,0.001378,2.800686,0.000000,0.000000,2.898980,0.023794,1.657290,0.037519,0.000000,1.711301
220,0,0.000000,2.611945,0.123796,0.001405,2.737146,0.000000,0.000000,2.840556,0.020898,1.560142,0.071831,0.000000,1.646251
221,0,0.000000,2.357878,0.077661,0.001338,2.436877,0.000000,0.000000,2.508093,0.016549,1.283805,0.034509,0.000000,1.333376
222,0,0.000000,1.360843,0.055662,0.001398,1.417903,0.000000,0.000000,1.473962,0.016653,0.304290,0.001187,0.000000,0.321635
223,0,0.000000,1.899319,0.079351,0.001445,1.980115,0.000000,0.000000,2.088581,0.028245,0.834988,0.038267,0.000000,0.898717
224,0,0.000000,2.881676,0.076045,0.001528,2.959249,0.000000,0.000000,3.036695,0.022076,1.852943,0.030849,0.000000,1.876582
225,0,0.000000,3.231369,0.097678,0.001465,3.294139,0.000000,0.000000,3.417588,0.019806,2.121819,0.001311,0.000000,2.142504
226,0,0.000000,3.229128,0.098294,0.001963,3.328702,0.000000,0.000000,3.414327,0.040533,1.763896,0.004459,0.000000,1.799025
227,0,0.000000,3.247274,0.132338,0.039800,3.381660,0.000000,0.000000,3.478676,0.037457,1.984507,0.033310,0.000000,2.019497
228,0,0.000000,3.523324,0.171270,0.001776,3.631986,0.000000,0.000000,3.901615,0.049765,1.963638,0.113413,0.000000,2.015299
229,0,0.000000,3.032722,0.099289,0.001503,3.133168,0.000000,0.000000,3.258330,0.036994,1.621724,0.001350,0.000000,1.654005
230,0,0.000000,2.683459,0.102190,0.001779,2.787428,0.000000,0.000000,2.873233,0.028658,1.178334,0.034009,0.000000,1.239452
231,0,0.000000,2.956045,0.146026,0.003225,3.105296,0.000000,0.000000,3.302099,0.032000,1.642140,0.095616,0.000000,1.681788
232,0,0.000000,1.498500,0.063138,0.001267,1.562764,0.000000,0.000000,1.668831,0.030712,0.436017,0.020338,0.000000,0.482189
233,0,0.000000,1.812897,0.101104,0.001191,1.861431,0.000000,0.000000,2.245713,0.020653,1.093397,0.056369,0.000000,1.135378
234,0,0.000000,1.492255,0.062502,0.001630,1.548965,0.000000,0.000000,1.623128,0.021115,0.465077,0.024358,0.000000,0.501497
235,0,0.000000,3.493725,0.105568,0.001928,3.601221,0.000000,0.000000,3.800303,0.020329,2.437020,0.017720,0.000000,2.475069
236,0,0.000000,3.745846,0.100332,0.002331,3.848509,0.000000,0.000000,3.961213,0.029632,2.600498,0.026640,0.000000,2.631371
237,0,0.000000,4.015115,0.134217,0.002747,4.152079,0.000000,0.000000,4.280373,0.025659,2.728055,0.002560,0.000000,2.754406
238,0,0.000000,4.410890,0.107205,0.001977,4.520072,0.000000,0.000000,4.741756,0.123124,2.907208,0.001320,0.000000,3.021186
239,0,0.000000,3.882289,0.103760,0.001727,3.987776,0.000000,0.000000,4.058306,0.030841,2.727510,0.001746,0.000000,2.757631
240,0,0.000000,1.660799,0.049705,0.001223,1.700831,0.000000,0.000000,1.803471,0.027105,0.485680,0.010154,0.000000,0.512656
241,0,0.000000,1.462173,0.059872,0.001399,1.516658,0.000000,0.000000,1.593880,0.017852,0.395493,0.006130,0.000000,0.415943
242,0,0.000000,1.402355,0.052553,0.001357,1.452734,0.000000,0.000000,1.520594,0.031587,0.391260,0.004665,0.000000,0.426233
243,0,0.000000,1.358343,0.052263,0.001131,1.407547,0.000000,0.000000,1.531406,0.048374,0.258752,0.004850,0.000000,0.311976
244,0,0.000000,1.399398,0.056681,0.001328,1.442965,0.000000,0.000000,1.546302,0.019477,0.457455,0.015993,0.000000,0.489328
245,0,0.000000,1.520856,0.058115,0.001233,1.570973,0.000000,0.000000,1.681569,0.018111,0.514314,0.010756,0.000000,0.535212
246,0,0.000000,1.324047,0.059878,0.001601,1.385526,0.000000,0.000000,1.467767,0.021926,0.241703,0.018815,0.000000,0.277286
247,0,0.000000,1.246904,0.061168,0.001132,1.299396,0.000000,0.000000,1.358891,0.023264,0.276726,0.002484,0.000000,0.301553
248,0,0.000000,2.989148,0.090735,0.002415,3.082298,0.000000,0.000000,3.178686,0.017556,2.001203,0.001806,0.000000,2.019317
249,0,0.000000,3.922826,0.131044,0.002179,4.055500,0.000000,0.000000,4.164485,0.029042,2.957910,0.026499,0.000000,3.012721
250,0,0.000000,2.931947,0.072123,0.001969,2.979158,0.000000,0.000000,3.134137,0.033652,1.618420,0.025311,0.000000,1.676724
251,0,0.000000,1.967433,0.083985,0.001624,2.053042,0.000000,0.000000,2.178273,0.021425,0.941128,0.032439,0.000000,0.993247
252,0,0.000000,1.959379,0.080534,0.001941,2.041854,0.000000,0.000000,2.136581,0.018412,0.857248,0.019493,0.000000,0.890681
253,0,0.000000,1.628752,0.057302,0.001160,1.687172,0.000000,0.000000,1.764907,0.019941,0.615100,0.005237,0.000000,0.634759
254,0,0.000000,1.399975,0.054115,0.001225,1.454160,0.000000,0.000000,1.528887,0.015720,0.338104,0.002690,0.000000,0.355963
255,0,0.000000,1.370331,0.057623,0.001441,1.428063,0.000000,0.000000,1.477150,0.014926,0.330065,0.005183,0.000000,0.350174
256,0,0.000000,1.634731,0.066399,0.001407,1.693230,0.000000,0.000000,1.825425,0.013817,0.543880,0.001349,0.000000,0.558109
257,0,0.000000,1.488013,0.051001,0.001507,1.533528,0.000000,0.000000,1.626079,0.029957,0.345881,0.005021,0.000000,0.376247
258,0,0.000000,1.412475,0.048960,0.001306,1.457115,0.000000,0.000000,1.551890,0.015299,0.362883,0.004605,0.000000,0.378784
259,0,0.000000,2.383815,0.096120,0.001489,2.481361,0.000000,0.000000,2.624064,0.016697,1.235093,0.004574,0.000000,1.253118
260,0,0.000000,2.938508,0.128775,0.001481,3.068724,0.000000,0.000000,3.163314,0.029780,1.631758,0.007441,0.000000,1.658210
261,0,0.000000,2.409607,0.109892,0.002563,2.473893,0.000000,0.000000,2.672463,0.037358,1.031473,0.002426,0.000000,1.069137
262,0,0.000000,1.526515,0.052153,0.001090,1.571443,0.000000,0.000000,1.677086,0.030322,0.321002,0.006287,0.000000,0.344164
263,0,0.000000,1.444501,0.137972,0.003291,1.551163,0.000000,0.000000,1.654211,0.018593,0.181283,0.007733,0.000000,0.200241
264,0,0.000000,1.697597,0.072635,0.001599,1.743966,0.000000,0.000000,1.870374,0.026775,0.542404,0.029825,0.000000,0.594456
265,0,0.000000,2.718197,0.099522,0.001810,2.819529,0.000000,0.000000,2.927774,0.046111,1.730906,0.042420,0.000000,1.816979
266,0,0.000000,1.508282,0.054663,0.001187,1.557768,0.000000,0.000000,1.675186,0.022711,0.416186,0.001144,0.000000,0.438700
267,0,0.000000,2.292781,0.084338,0.001712,2.357102,0.000000,0.000000,2.534610,0.017128,1.200885,0.002111,0.000000,1.217951
268,0,0.000000,2.792025,0.110007,0.001956,2.903988,0.000000,0.000000,3.086802,0.031114,0.912222,0.056944,0.000000,1.000201
269,0,0.000000,1.798795,0.134946,0.001408,1.855827,0.000000,0.000000,2.164348,0.029575,0.592973,0.067529,0.000000,0.650846
270,0,0.000000,2.728717,0.100324,0.002536,2.816871,0.000000,0.000000,3.174328,0.199011,1.135807,0.003650,0.000000,1.336201
271,0,0.000000,2.338704,0.083771,0.002142,2.419523,0.000000,0.000000,2.575188,0.062890,0.722573,0.029956,0.000000,0.793112
272,0,0.000000,2.250008,0.078789,0.002127,2.327679,0.000000,0.000000,2.407480,0.029057,1.046948,0.030485,0.000000,1.106002
273,0,0.000000,2.231126,0.079681,0.002211,2.310220,0.000000,0.000000,2.391909,0.024866,1.126964,0.026630,0.000000,1.178171
274,0,0.000000,2.308133,0.094422,0.002353,2.385937,0.000000,0.000000,2.473336,0.024685,1.147507,0.047272,0.000000,1.217776
275,0,0.000000,2.294478,0.088949,0.002218,2.380136,0.000000,0.000000,2.580274,0.020379,1.188392,0.001362,0.000000,1.208664
276,0,0.000000,2.523129,0.105547,0.002471,2.599273,0.000000,0.000000,2.722207,0.031557,0.855743,0.034815,0.000000,0.884177
277,0,0.000000,3.481975,0.116851,0.002050,3.600852,0.000000,0.000000,3.706357,0.031655,1.608339,0.048896,0.000000,1.670623
278,0,0.000000,3.350989,0.120009,0.001599,3.472539,0.000000,0.000000,3.606080,0.028891,1.442587,0.046041,0.000000,1.517221
279,0,0.000000,3.294262,0.097747,0.002322,3.393506,0.000000,0.000000,3.535363,0.028845,1.352934,0.015051,0.000000,1.394116
280,0,0.000000,3.571220,0.130033,0.002432,3.703203,0.000000,0.000000,3.860988,0.029202,1.622838,0.072082,0.000000,1.671781
281,0,0.000000,1.964037,0.057569,0.001628,2.022816,0.000000,0.000000,2.186970,0.038627,0.441877,0.002214,0.000000,0.482369
282,0,0.000000,1.713583,0.055460,0.001098,1.760916,0.000000,0.000000,1.865531,0.023922,0.490545,0.006136,0.000000,0.512641
283,0,0.000000,1.273415,0.050290,0.001436,1.324683,0.000000,0.000000,1.393620,0.024855,0.068053,0.006576,0.000000,0.098617
284,0,0.000000,1.370766,0.048669,0.001561,1.415946,0.000000,0.000000,1.497262,0.019232,0.164008,0.002582,0.000000,0.183324
285,0,0.000000,2.032911,0.075348,0.001255,2.108684,0.000000,0.000000,2.221465,0.019384,1.016175,0.001975,0.000000,1.037192
286,0,0.000000,1.460052,0.051541,0.001294,1.508378,0.000000,0.000000,1.628505,0.024490,0.173016,0.003011,0.000000,0.200517
287,0,0.000000,1.487673,0.058756,0.001344,1.540758,0.000000,0.000000,1.607740,0.016554,0.452952,0.007112,0.000000,0.471370
288,0,0.000000,2.452062,0.089313,0.002310,2.538951,0.000000,0.000000,2.639981,0.019989,0.674698,0.025393,0.000000,0.720080
289,0,0.000000,3.063955,0.108356,0.002229,3.174540,0.000000,0.000000,3.335093,0.035529,1.704973,0.044659,0.000000,1.765854
290,0,0.000000,2.222194,0.065298,0.001344,2.283778,0.000000,0.000000,2.375595,0.032236,1.067742,0.001299,0.000000,1.098817
291,0,0.000000,1.644782,0.115289,0.001348,1.703047,0.000000,0.000000,1.836355,0.020938,0.499398,0.002731,0.000000,0.521867
292,0,0.000000,3.050511,0.112434,0.001768,3.164186,0.000000,0.000000,3.261400,0.035402,1.864040,0.005308,0.000000,1.895159
293,0,0.000000,1.693760,0.066261,0.001474,1.761495,0.000000,0.000000,1.833013,0.026320,0.441570,0.002229,0.000000,0.466261
294,0,0.000000,1.551059,0.063362,0.001350,1.599297,0.000000,0.000000,1.685317,0.020039,0.438343,0.001242,0.000000,0.459585
295,0,0.000000,1.498867,0.058379,0.001175,1.558421,0.000000,0.000000,1.636088,0.020192,0.480220,0.003619,0.000000,0.503919
296,0,0.000000,1.521954,0.057899,0.001310,1.581163,0.000000,0.000000,1.618947,0.015235,0.443263,0.001083,0.000000,0.459471
297,0,0.000000,1.563155,0.048766,0.001322,1.613243,0.000000,0.000000,1.669071,0.014816,0.608231,0.001015,0.000000,0.623421
298,0,0.000000,1.586546,0.060535,0.001219,1.648300,0.000000,0.000000,1.698306,0.014391,0.448906,0.000972,0.000000,0.463646
299,0,0.000000,1.558360,0.067110,0.001161,1.626631,0.000000,0.000000,1.668680,0.020411,0.600998,0.002160,0.000000,0.623476
300,0,0.000000,1.441028,0.071430,0.001337,1.513795,0.000000,0.000000,1.603068,0.014294,0.524810,0.003494,0.000000,0.539482
301,0,0.000000,1.474821,0.045322,0.001037,1.521180,0.000000,0.000000,1.578580,0.012172,0.503263,0.001057,0.000000,0.516355
302,0,0.000000,1.462167,0.046314,0.001104,1.509585,0.000000,0.000000,1.544267,0.013560,0.499639,0.001258,0.000000,0.513784
303,0,0.000000,1.420124,0.067936,0.001291,1.487714,0.000000,0.000000,1.539493,0.012530,0.406304,0.003486,0.000000,0.422320
304,0,0.000000,1.446016,0.055650,0.001120,1.501255,0.000000,0.000000,1.537559,0.011722,0.425451,0.000962,0.000000,0.437659
305,0,0.000000,1.401714,0.080068,0.001098,1.479183,0.000000,0.000000,1.547782,0.014506,0.396239,0.002798,0.000000,0.411171
306,0,0.000000,1.447259,0.050207,0.001147,1.498613,0.000000,0.000000,1.536752,0.012460,0.441814,0.001156,0.000000,0.454780
307,0,0.000000,1.478695,0.052876,0.001296,1.532828,0.000000,0.000000,1.564973,0.015767,0.489476,0.000962,0.000000,0.506205
308,0,0.000000,1.401728,0.072053,0.001381,1.441853,0.000000,0.000000,1.558585,0.012813,0.391902,0.034735,0.000000,0.439109
309,0,0.000000,2.918688,0.116393,0.001415,3.036496,0.000000,0.000000,3.107999,0.021101,1.913235,0.054930,0.000000,1.987146
310,0,0.000000,2.879251,0.122548,0.002165,2.989803,0.000000,0.000000,3.073901,0.020243,1.838318,0.038164,0.000000,1.858664
311,0,0.000000,3.419853,0.147310,0.001710,3.568873,0.000000,0.000000,3.678627,0.033264,2.361714,0.064395,0.000000,2.454885
312,0,0.000000,3.879236,0.134426,0.001848,4.015510,0.000000,0.000000,4.167446,0.038459,2.552197,0.069914,0.000000,2.659774
313,0,0.000000,4.246779,0.107086,0.002249,4.356114,0.000000,0.000000,4.454281,0.031648,2.992431,0.036790,0.000000,3.058703
314,0,0.000000,2.578442,0.103212,0.001509,2.683163,0.000000,0.000000,2.930936,0.033488,1.177605,0.016470,0.000000,1.226071
315,0,0.000000,2.010023,0.076129,0.001689,2.087841,0.000000,0.000000,2.245572,0.038710,0.675847,0.021519,0.000000,0.735951
316,0,0.000000,1.934714,0.065318,0.001574,2.001209,0.000000,0.000000,2.074739,0.027242,0.130973,0.002569,0.000000,0.159511
317,0,0.000000,1.534505,0.051552,0.001582,1.587417,0.000000,0.000000,1.656856,0.035407,0.409044,0.001914,0.000000,0.446365
318,0,0.000000,1.474004,0.049370,0.001187,1.521356,0.000000,0.000000,1.656122,0.020939,0.386712,0.002273,0.000000,0.408488
319,0,0.000000,1.419508,0.050136,0.001554,1.470674,0.000000,0.000000,1.535931,0.031554,0.368882,0.004470,0.000000,0.404261
320,0,0.000000,1.437559,0.055665,0.001877,1.492109,0.000000,0.000000,1.543358,0.028117,0.446959,0.005189,0.000000,0.477496
321,0,0.000000,1.498596,0.064892,0.001440,1.548807,0.000000,0.000000,1.656516,0.017111,0.450600,0.003017,0.000000,0.468828
322,0,0.000000,1.457390,0.063344,0.001469,1.522203,0.000000,0.000000,1.578101,0.018339,0.416851,0.002334,0.000000,0.437524
323,0,0.000000,1.628153,0.054726,0.001368,1.681247,0.000000,0.000000,1.748158,0.029582,0.428763,0.000806,0.000000,0.459060
324,0,0.000000,1.442571,0.054389,0.001289,1.492918,0.000000,0.000000,1.571645,0.028013,0.300169,0.001505,0.000000,0.327952
325,0,0.000000,1.412120,0.063453,0.001679,1.477252,0.000000,0.000000,1.593464,0.017150,0.353685,0.001405,0.000000,0.370991
326,0,0.000000,1.544051,0.102227,0.001337,1.592827,0.000000,0.000000,1.699443,0.015693,0.438618,0.056527,0.000000,0.478965
327,0,0.000000,1.455772,0.073932,0.001212,1.530916,0.000000,0.000000,1.577929,0.016308,0.409606,0.000787,0.000000,0.426434
328,0,0.000000,1.482985,0.050701,0.001175,1.529327,0.000000,0.000000,1.650351,0.016957,0.453651,0.003162,0.000000,0.471726
329,0,0.000000,1.429777,0.049760,0.001190,1.480343,0.000000,0.000000,1.537000,0.016435,0.396776,0.001055,0.000000,0.411820
330,0,0.000000,1.406636,0.062608,0.001348,1.470592,0.000000,0.000000,1.545478,0.012598,0.344281,0.001264,0.000000,0.357447
331,0,0.000000,1.471784,0.051098,0.001067,1.523949,0.000000,0.000000,1.605505,0.014623,0.407360,0.002760,0.000000,0.424743
332,0,0.000000,2.983766,0.153328,0.003511,3.138627,0.000000,0.000000,3.265998,0.014931,1.114143,0.003887,0.000000,1.131455
333,0,0.000000,2.873583,0.075491,0.002141,2.949766,0.000000,0.000000,3.165060,0.057403,0.922546,0.023752,0.000000,1.003701
334,0,0.000000,2.593070,0.108140,0.002512,2.702621,0.000000,0.000000,2.864131,0.036452,0.544174,0.002697,0.000000,0.583239
335,0,0.000000,3.318498,0.103674,0.002780,3.423460,0.000000,0.000000,3.549843,0.041764,1.035700,0.002786,0.000000,1.075827
336,0,0.000000,2.987172,0.106489,0.001502,3.095163,0.000000,0.000000,3.354973,0.045346,0.624290,0.011252,0.000000,0.673061
337,0,0.000000,2.591046,0.115313,0.002159,2.656372,0.000000,0.000000,2.845752,0.058347,1.320931,0.056604,0.000000,1.373769
338,0,0.000000,3.955551,0.093929,0.001666,4.043229,0.000000,0.000000,4.208244,0.030769,2.867981,0.001085,0.000000,2.898430
339,0,0.000000,1.507848,0.107693,0.001378,1.609899,0.000000,0.000000,1.708333,0.037069,0.219091,0.001721,0.000000,0.257113
340,0,0.000000,3.030299,0.120182,0.001777,3.151768,0.000000,0.000000,3.311738,0.038067,1.910411,0.001925,0.000000,1.943218
341,0,0.000000,3.533307,0.089176,0.001714,3.623481,0.000000,0.000000,3.716913,0.031001,2.151564,0.001431,0.000000,2.178300
342,0,0.000000,1.495747,0.051019,0.001177,1.547081,0.000000,0.000000,1.622624,0.036027,0.214247,0.001227,0.000000,0.245367
343,0,0.000000,1.529349,0.069037,0.001224,1.583792,0.000000,0.000000,1.647841,0.023805,0.476374,0.019057,0.000000,0.519236
344,0,0.000000,1.361489,0.065267,0.001020,1.427636,0.000000,0.000000,1.521695,0.016990,0.380787,0.000926,0.000000,0.398581
345,0,0.000000,1.455973,0.075578,0.001197,1.532748,0.000000,0.000000,1.578425,0.012461,0.476744,0.001785,0.000000,0.490990
346,0,0.000000,1.695851,0.081169,0.001301,1.778321,0.000000,0.000000,1.842486,0.069955,0.643987,0.036179,0.000000,0.750121
347,0,0.000000,2.623392,0.086941,0.001667,2.712000,0.000000,0.000000,2.782330,0.024029,1.630206,0.034419,0.000000,1.687207
348,0,0.000000,2.738436,0.093827,0.001642,2.833570,0.000000,0.000000,2.910750,0.023401,1.646287,0.035877,0.000000,1.700488
349,0,0.000000,2.845440,0.100288,0.001719,2.947225,0.000000,0.000000,3.088887,0.025833,1.717486,0.043188,0.000000,1.783421
350,0,0.000000,2.897735,0.091705,0.001431,2.990852,0.000000,0.000000,3.071246,0.026801,1.703377,0.040988,0.000000,1.732077
351,0,0.000000,2.925380,0.101776,0.001712,3.028868,0.000000,0.000000,3.132811,0.024287,1.737110,0.044629,0.000000,1.804936
352,0,0.000000,3.078950,0.100631,0.001450,3.180933,0.000000,0.000000,3.282166,0.025956,1.942066,0.042416,0.000000,2.009598
353,0,0.000000,3.327294,0.101155,0.001734,3.407902,0.000000,0.000000,3.572904,0.037696,2.007334,0.010923,0.000000,2.044719
354,0,0.000000,4.050225,0.095651,0.001251,4.146949,0.000000,0.000000,4.258252,0.054249,2.870720,0.003924,0.000000,2.926175
355,0,0.000000,3.005730,0.098410,0.001764,3.105601,0.000000,0.000000,3.275532,0.036704,1.661752,0.013200,0.000000,1.704237
356,0,0.000000,2.954313,0.103073,0.001754,3.042630,0.000000,0.000000,3.286627,0.031200,1.754426,0.001659,0.000000,1.780523
357,0,0.000000,4.019089,0.113853,0.003521,4.130634,0.000000,0.000000,4.362706,0.032096,2.636785,0.050250,0.000000,2.667321
358,0,0.000000,2.906098,0.115629,0.001895,2.988229,0.000000,0.000000,3.298119,0.083215,1.575289,0.016789,0.000000,1.654579
359,0,0.000000,2.263936,0.087442,0.001567,2.346806,0.000000,0.000000,2.514689,0.058948,0.828189,0.001395,0.000000,0.886212
360,0,0.000000,1.398089,0.099078,0.007839,1.492646,0.000000,0.000000,1.587035,0.034114,0.256469,0.010136,0.000000,0.288826
361,0,0.000000,3.432969,0.123116,0.001665,3.557393,0.000000,0.000000,3.671370,0.072833,1.892404,0.001807,0.000000,1.965722
362,0,0.000000,1.918391,0.130678,0.002055,2.005174,0.000000,0.000000,2.151722,0.050268,0.777455,0.082245,0.000000,0.823187
363,0,0.000000,1.879124,0.080305,0.001815,1.940543,0.000000,0.000000,2.064911,0.034838,0.691893,0.023484,0.000000,0.748652
364,0,0.000000,1.497269,0.053091,0.001248,1.547281,0.000000,0.000000,1.641547,0.034909,0.283945,0.003931,0.000000,0.318933
365,0,0.000000,1.329746,0.048317,0.001147,1.375281,0.000000,0.000000,1.425284,0.019533,0.251779,0.005432,0.000000,0.276646
366,0,0.000000,1.267002,0.048318,0.001279,1.307364,0.000000,0.000000,1.389659,0.014908,0.193130,0.002637,0.000000,0.209701
367,0,0.000000,1.335781,0.059618,0.001470,1.382942,0.000000,0.000000,1.452053,0.013408,0.255181,0.015350,0.000000,0.283422
368,0,0.000000,1.294173,0.063468,0.001153,1.355585,0.000000,0.000000,1.405895,0.017031,0.253412,0.004493,0.000000,0.271212
369,0,0.000000,1.337276,0.053254,0.001045,1.388365,0.000000,0.000000,1.440224,0.012870,0.313094,0.011885,0.000000,0.337849
370,0,0.000000,1.367401,0.052337,0.001517,1.413716,0.000000,0.000000,1.503448,0.015179,0.281404,0.004709,0.000000,0.297362
371,0,0.000000,1.345610,0.055911,0.001509,1.400183,0.000000,0.000000,1.490359,0.017774,0.247611,0.002197,0.000000,0.266466
372,0,0.000000,1.371177,0.067672,0.030256,1.456829,0.000000,0.000000,1.510779,0.015508,0.301597,0.003621,0.000000,0.320726
373,0,0.000000,1.550054,0.065945,0.001648,1.612963,0.000000,0.000000,1.702424,0.015673,0.445967,0.001242,0.000000,0.462090
374,0,0.000000,1.368714,0.049915,0.001412,1.413720,0.000000,0.000000,1.513151,0.024842,0.236631,0.002885,0.000000,0.261839
375,0,0.000000,1.371524,0.053316,0.001448,1.422897,0.000000,0.000000,1.482934,0.013738,0.212629,0.004957,0.000000,0.228975
376,0,0.000000,2.356191,0.110272,0.001934,2.467873,0.000000,0.000000,2.648751,0.020543,1.022207,0.025733,0.000000,1.067764
377,0,0.000000,3.214682,0.118763,0.001890,3.335335,0.000000,0.000000,3.438590,0.037940,1.907115,0.001835,0.000000,1.938810
378,0,0.000000,3.332151,0.134408,0.001619,3.468178,0.000000,0.000000,3.576477,0.037809,1.979124,0.004062,0.000000,2.010778
379,0,0.000000,2.970510,0.109306,0.001364,3.081130,0.000000,0.000000,3.182202,0.039479,1.565879,0.004850,0.000000,1.608984
380,0,0.000000,2.940134,0.144505,0.002207,3.086846,0.000000,0.000000,3.272437,0.029290,1.655753,0.014703,0.000000,1.686494
381,0,0.000000,3.107013,0.105493,0.001451,3.213877,0.000000,0.000000,3.326842,0.035645,1.786566,0.004920,0.000000,1.814930
382,0,0.000000,2.348448,0.105748,0.001312,2.455508,0.000000,0.000000,2.594826,0.034630,1.134374,0.001783,0.000000,1.163884
383,0,0.000000,2.595501,0.098565,0.001591,2.695312,0.000000,0.000000,2.785014,0.032988,1.333172,0.004241,0.000000,1.362403
384,0,0.000000,2.980032,0.198773,0.004541,3.148050,0.000000,0.000000,3.323711,0.029941,1.731040,0.009302,0.000000,1.755559
385,0,0.000000,3.631148,0.128524,0.002003,3.761675,0.000000,0.000000,3.927968,0.057291,1.743665,0.007178,0.000000,1.795252
386,0,0.000000,3.834036,0.142956,0.002001,3.928277,0.000000,0.000000,4.130455,0.042698,2.602969,0.058939,0.000000,2.684876
387,0,0.000000,2.915093,0.104636,0.002165,3.021894,0.000000,0.000000,3.201419,0.040793,1.550675,0.045349,0.000000,1.636817
388,0,0.000000,3.153816,0.108197,0.001388,3.262966,0.000000,0.000000,3.386293,0.029728,1.630220,0.002477,0.000000,1.655229
389,0,0.000000,1.702538,0.054848,0.001417,1.757605,0.000000,0.000000,1.893205,0.035308,0.372638,0.001402,0.000000,0.409348
390,0,0.000000,1.391032,0.048925,0.001233,1.440359,0.000000,0.000000,1.562741,0.024509,0.352545,0.001396,0.000000,0.378317
391,0,0.000000,1.418096,0.081494,0.001444,1.464009,0.000000,0.000000,1.607907,0.017265,0.327173,0.017569,0.000000,0.345569
392,0,0.000000,2.751277,0.104351,0.001475,2.857103,0.000000,0.000000,2.949333,0.032085,1.587025,0.005210,0.000000,1.614293
393,0,0.000000,3.335518,0.105031,0.001838,3.441919,0.000000,0.000000,3.555002,0.038257,1.895130,0.008009,0.000000,1.940257
394,0,0.000000,2.844042,0.098592,0.002073,2.916181,0.000000,0.000000,3.049218,0.038325,1.393033,0.023522,0.000000,1.426116
395,0,0.000000,2.575121,0.084664,0.002143,2.661841,0.000000,0.000000,2.755887,0.047590,1.421533,0.026876,0.000000,1.494578
396,0,0.000000,2.294071,0.084822,0.002373,2.379647,0.000000,0.000000,2.464228,0.027921,1.139714,0.030295,0.000000,1.197314
397,0,0.000000,2.506564,0.104741,0.002669,2.613711,0.000000,0.000000,2.681481,0.022864,1.393114,0.052716,0.000000,1.467227
398,0,0.000000,2.536325,0.104803,0.002348,2.643476,0.000000,0.000000,2.718066,0.025332,1.405437,0.038049,0.000000,1.466522
399,0,0.000000,2.568234,0.092306,0.002705,2.660687,0.000000,0.000000,2.725949,0.027020,1.341965,0.043330,0.000000,1.410853
400,0,0.000000,2.217070,0.053501,0.001355,2.271926,0.000000,0.000000,2.345667,0.030835,0.983062,0.001634,0.000000,1.012950
401,0,0.000000,1.927931,0.098815,0.001879,2.028625,0.000000,0.000000,2.103133,0.023831,0.646702,0.055356,0.000000,0.725889
402,0,0.000000,3.008555,0.091282,0.001718,3.101287,0.000000,0.000000,3.171333,0.021437,1.894626,0.042318,0.000000,1.956279
403,0,0.000000,1.705414,0.053314,0.001161,1.756125,0.000000,0.000000,1.878494,0.023492,0.596417,0.000825,0.000000,0.618813
404,0,0.000000,1.466331,0.081467,0.001121,1.548919,0.000000,0.000000,1.596048,0.018649,0.357826,0.001801,0.000000,0.378276
405,0,0.000000,1.437293,0.073730,0.001202,1.512225,0.000000,0.000000,1.559160,0.013014,0.384864,0.000901,0.000000,0.396130
406,0,0.000000,1.405650,0.045179,0.001238,1.449689,0.000000,0.000000,1.494560,0.011391,0.372348,0.001257,0.000000,0.384223
407,0,0.000000,1.369702,0.047175,0.001204,1.411793,0.000000,0.000000,1.499029,0.011872,0.306219,0.002399,0.000000,0.318600
408,0,0.000000,1.451240,0.048509,0.001179,1.498444,0.000000,0.000000,1.560980,0.011062,0.278127,0.000769,0.000000,0.289917
409,0,0.000000,1.867503,0.299404,0.001330,2.168237,0.000000,0.000000,2.299035,0.022986,0.885717,0.230212,0.000000,1.131393
410,0,0.000000,1.400805,0.042510,0.001043,1.443545,0.000000,0.000000,1.487329,0.022401,0.321985,0.000780,0.000000,0.343478
411,0,0.000000,1.335765,0.077527,0.001083,1.408308,0.000000,0.000000,1.501089,0.014488,0.336664,0.000911,0.000000,0.352063
412,0,0.000000,1.345295,0.078649,0.001026,1.417909,0.000000,0.000000,1.465857,0.012662,0.292990,0.003149,0.000000,0.306537
413,0,0.000000,1.396910,0.043763,0.001185,1.440985,0.000000,0.000000,1.516919,0.011591,0.371637,0.001938,0.000000,0.385166
414,0,0.000000,1.353080,0.078642,0.000987,1.425476,0.000000,0.000000,1.485594,0.013065,0.319297,0.001919,0.000000,0.331855
415,0,0.000000,1.364535,0.077746,0.001020,1.440712,0.000000,0.000000,1.472204,0.012442,0.322468,0.000985,0.000000,0.335573
416,0,0.000000,1.363277,0.074685,0.001266,1.434617,0.000000,0.000000,1.477254,0.011116,0.330294,0.001102,0.000000,0.341868
417,0,0.000000,1.395322,0.075066,0.001020,1.461022,0.000000,0.000000,1.523521,0.013339,0.368956,0.008796,0.000000,0.382942
418,0,0.000000,1.157683,0.046327,0.000949,1.201069,0.000000,0.000000,1.253347,0.020899,0.074715,0.004270,0.000000,0.096046
419,0,0.000000,1.201814,0.057056,0.001145,1.252504,0.000000,0.000000,1.352061,0.057808,0.162682,0.003716,0.000000,0.220933
420,0,0.000000,1.209745,0.074766,0.000995,1.279056,0.000000,0.000000,1.321000,0.012495,0.153770,0.005804,0.000000,0.167044
421,0,0.000000,1.321931,0.049513,0.000926,1.370791,0.000000,0.000000,1.410212,0.011902,0.267528,0.001786,0.000000,0.279833
422,0,0.000000,1.287707,0.077020,0.001069,1.360505,0.000000,0.000000,1.408012,0.012475,0.240477,0.002984,0.000000,0.253704
423,0,0.000000,1.318764,0.080281,0.001003,1.395479,0.000000,0.000000,1.433467,0.011461,0.209904,0.000933,0.000000,0.222067
424,0,0.000000,1.474545,0.056721,0.001008,1.531291,0.000000,0.000000,1.564239,0.011956,0.415901,0.001151,0.000000,0.428256
425,0,0.000000,1.327980,0.069408,0.001198,1.398586,0.000000,0.000000,1.485628,0.012813,0.275096,0.002132,0.000000,0.288437
426,0,0.000000,1.361209,0.079133,0.001033,1.436069,0.000000,0.000000,1.488804,0.012287,0.304634,0.002053,0.000000,0.317573
427,0,0.000000,1.363412,0.063223,0.001016,1.424021,0.000000,0.000000,1.475804,0.011901,0.324578,0.000771,0.000000,0.337147
428,0,0.000000,1.322920,0.080201,0.001103,1.392143,0.000000,0.000000,1.494151,0.011219,0.237003,0.003640,0.000000,0.247622
429,0,0.000000,1.344681,0.099632,0.001106,1.445419,0.000000,0.000000,1.494463,0.014425,0.274021,0.001511,0.000000,0.289066
430,0,0.000000,1.314033,0.079098,0.000994,1.385149,0.000000,0.000000,1.460980,0.012727,0.268244,0.005304,0.000000,0.281750
431,0,0.000000,1.309666,0.073436,0.001012,1.384114,0.000000,0.000000,1.429974,0.012861,0.276875,0.002129,0.000000,0.291865
432,0,0.000000,1.371615,0.051441,0.001026,1.421718,0.000000,0.000000,1.483182,0.011231,0.329711,0.001248,0.000000,0.341392
433,0,0.000000,1.323549,0.071230,0.001007,1.391058,0.000000,0.000000,1.433790,0.013971,0.255966,0.005147,0.000000,0.270350
434,0,0.000000,1.294622,0.076127,0.000973,1.367679,0.000000,0.000000,1.408334,0.012043,0.256065,0.001418,0.000000,0.269101
435,0,0.000000,1.379478,0.045757,0.001018,1.423541,0.000000,0.000000,1.459628,0.010865,0.329576,0.001983,0.000000,0.340794
436,0,0.000000,1.322879,0.070929,0.001167,1.391857,0.000000,0.000000,1.427733,0.012800,0.221395,0.000900,0.000000,0.234971
437,0,0.000000,1.343227,0.077374,0.001197,1.417348,0.000000,0.000000,1.453838,0.013566,0.264383,0.001224,0.000000,0.278699
438,0,0.000000,1.349225,0.066865,0.001255,1.409173,0.000000,0.000000,1.502430,0.011358,0.306288,0.002488,0.000000,0.318479
439,0,0.000000,1.314176,0.066766,0.001200,1.381149,0.000000,0.000000,1.475634,0.015919,0.220263,0.002263,0.000000,0.238445
440,0,0.000000,1.385682,0.047782,0.001011,1.433555,0.000000,0.000000,1.478747,0.015480,0.301545,0.000908,0.000000,0.317654
441,0,0.000000,1.318782,0.066432,0.001432,1.382619,0.000000,0.000000,1.425531,0.014424,0.257130,0.002992,0.000000,0.272342
442,0,0.000000,1.868300,0.074337,0.001060,1.937645,0.000000,0.000000,2.023304,0.015540,0.802838,0.001519,0.000000,0.819152
443,0,0.000000,1.304237,0.050715,0.001101,1.350698,0.000000,0.000000,1.402272,0.016245,0.177049,0.004087,0.000000,0.188824
444,0,0.000000,1.201540,0.076313,0.000939,1.269549,0.000000,0.000000,1.326850,0.019686,0.092389,0.005185,0.000000,0.112805
445,0,0.000000,1.290693,0.071565,0.000960,1.359786,0.000000,0.000000,1.397688,0.015183,0.189839,0.000925,0.000000,0.205229
446,0,0.000000,1.364091,0.077678,0.001056,1.438474,0.000000,0.000000,1.486880,0.012533,0.321484,0.000891,0.000000,0.334177
447,0,0.000000,1.308399,0.078824,0.001046,1.381556,0.000000,0.000000,1.424568,0.018091,0.264405,0.000642,0.000000,0.283138
448,0,0.000000,1.349778,0.045394,0.000979,1.385837,0.000000,0.000000,1.465638,0.023462,0.318165,0.001328,0.000000,0.342377
449,0,0.000000,1.750467,0.058487,0.001199,1.807869,0.000000,0.000000,1.894442,0.015799,0.306749,0.000754,0.000000,0.322453
450,0,0.000000,1.328183,0.052310,0.001189,1.372925,0.000000,0.000000,1.436546,0.025100,0.347535,0.000879,0.000000,0.373131
451,0,0.000000,1.970326,0.053418,0.001035,2.019212,0.000000,0.000000,2.126141,0.032019,1.035491,0.001317,0.000000,1.067968
452,0,0.000000,1.345276,0.050871,0.001083,1.397230,0.000000,0.000000,1.451351,0.016469,0.340369,0.001745,0.000000,0.357325
453,0,0.000000,1.307747,0.041655,0.000967,1.348156,0.000000,0.000000,1.390220,0.012733,0.293101,0.002345,0.000000,0.306236
454,0,0.000000,1.250307,0.073179,0.000964,1.318154,0.000000,0.000000,1.375505,0.023647,0.177539,0.006701,0.000000,0.189032
455,0,0.000000,1.241087,0.068887,0.000993,1.305706,0.000000,0.000000,1.354762,0.016200,0.264402,0.005882,0.000000,0.283502
456,0,0.000000,1.334619,0.064583,0.001060,1.378414,0.000000,0.000000,1.590151,0.022454,0.369824,0.025137,0.000000,0.415344
457,0,0.000000,1.305076,0.076535,0.000974,1.374399,0.000000,0.000000,1.444395,0.019811,0.290849,0.001006,0.000000,0.310419
458,0,0.000000,1.354419,0.036992,0.000955,1.392120,0.000000,0.000000,1.449434,0.015169,0.361949,0.001564,0.000000,0.378305
459,0,0.000000,1.463226,0.074146,0.001582,1.516851,0.000000,0.000000,1.740837,0.013048,0.557180,0.003983,0.000000,0.570358
460,0,0.000000,1.271423,0.053270,0.001020,1.320577,0.000000,0.000000,1.510910,0.021461,0.236406,0.002841,0.000000,0.258391
461,0,0.000000,1.220081,0.042778,0.001006,1.262642,0.000000,0.000000,1.378398,0.013624,0.213010,0.001106,0.000000,0.226562
462,0,0.000000,1.621352,0.097094,0.001394,1.719840,0.000000,0.000000,1.768936,0.012603,0.586842,0.001038,0.000000,0.600468
463,0,0.000000,1.721462,0.092171,0.001031,1.779755,0.000000,0.000000,1.905568,0.018625,0.686138,0.036122,0.000000,0.732258
464,0,0.000000,1.273991,0.061785,0.001131,1.311478,0.000000,0.000000,1.404942,0.013206,0.224690,0.002848,0.000000,0.240520
465,0,0.000000,1.189677,0.075328,0.001172,1.258263,0.000000,0.000000,1.337840,0.013133,0.151029,0.009620,0.000000,0.164405
466,0,0.000000,1.300339,0.065872,0.001307,1.367518,0.000000,0.000000,1.412439,0.010248,0.256452,0.030066,0.000000,0.293793
467,0,0.000000,1.379814,0.074632,0.000916,1.449208,0.000000,0.000000,1.519162,0.021565,0.202523,0.000771,0.000000,0.224833
468,0,0.000000,1.298760,0.077314,0.001050,1.369717,0.000000,0.000000,1.471437,0.018298,0.240728,0.001617,0.000000,0.260354
469,0,0.000000,1.307970,0.044528,0.001018,1.351720,0.000000,0.000000,1.428336,0.012842,0.237413,0.002059,0.000000,0.252122
470,0,0.000000,2.093524,0.060970,0.001007,2.148827,0.000000,0.000000,2.225202,0.014348,1.024203,0.002424,0.000000,1.039331
471,0,0.000000,1.208764,0.049660,0.001001,1.258571,0.000000,0.000000,1.303715,0.016160,0.173237,0.005063,0.000000,0.189453
472,0,0.000000,2.099420,0.404055,0.001207,2.504605,0.000000,0.000000,2.558763,0.011679,1.072228,0.001181,0.000000,1.084131
473,0,0.000000,1.894259,0.049241,0.001016,1.939618,0.000000,0.000000,2.001226,0.017923,0.843411,0.005930,0.000000,0.864114
474,0,0.000000,1.304971,0.064582,0.000991,1.354589,0.000000,0.000000,1.440919,0.014904,0.197500,0.001193,0.000000,0.212645
475,0,0.000000,1.253650,0.046704,0.001004,1.297471,0.000000,0.000000,1.335576,0.012945,0.177061,0.004191,0.000000,0.190605
476,0,0.000000,1.211574,0.103448,0.000971,1.253277,0.000000,0.000000,1.363606,0.012346,0.177274,0.002068,0.000000,0.191688
477,0,0.000000,2.049303,0.071886,0.001334,2.117558,0.000000,0.000000,2.229245,0.016002,0.457135,0.002771,0.000000,0.472556
478,0,0.000000,1.996770,0.075955,0.001351,2.073894,0.000000,0.000000,2.141908,0.027574,0.601447,0.028744,0.000000,0.657288
479,0,0.000000,1.495760,0.073217,0.000960,1.569906,0.000000,0.000000,1.633280,0.022256,0.514939,0.003760,0.000000,0.540021
480,0,0.000000,1.265113,0.049801,0.001057,1.311051,0.000000,0.000000,1.447650,0.011843,0.340247,0.001240,0.000000,0.351946
481,0,0.000000,1.936709,0.072520,0.001254,1.987787,0.000000,0.000000,2.111440,0.046057,0.581727,0.029529,0.000000,0.626149
482,0,0.000000,3.517378,0.112382,0.002275,3.632035,0.000000,0.000000,3.753371,0.024735,2.508798,0.064646,0.000000,2.595517
483,0,0.000000,2.137120,0.076206,0.001174,2.188080,0.000000,0.000000,2.474730,0.033342,1.047532,0.004110,0.000000,1.081708
484,0,0.000000,1.362879,0.065330,0.001087,1.429296,0.000000,0.000000,1.549998,0.020070,0.319925,0.001385,0.000000,0.337948
485,0,0.000000,1.338383,0.071512,0.001180,1.410162,0.000000,0.000000,1.458003,0.010650,0.311767,0.001616,0.000000,0.323513
486,0,0.000000,2.173557,0.068247,0.001127,2.233264,0.000000,0.000000,2.274416,0.011391,1.173935,0.010691,0.000000,1.189933
487,0,0.000000,1.170568,0.065911,0.000958,1.237436,0.000000,0.000000,1.334067,0.011418,0.151662,0.003481,0.000000,0.166561
488,0,0.000000,1.242057,0.077255,0.001120,1.311081,0.000000,0.000000,1.354456,0.010968,0.250156,0.009477,0.000000,0.267639
489,0,0.000000,1.232488,0.076904,0.001046,1.303404,0.000000,0.000000,1.337886,0.009975,0.225522,0.007989,0.000000,0.240779
490,0,0.000000,1.253984,0.085793,0.000935,1.325013,0.000000,0.000000,1.372878,0.009884,0.258964,0.016469,0.000000,0.283431
491,0,0.000000,1.288381,0.081767,0.001132,1.361873,0.000000,0.000000,1.437025,0.009223,0.308599,0.010156,0.000000,0.327611
492,0,0.000000,1.270052,0.081010,0.000993,1.338839,0.000000,0.000000,1.418381,0.019144,0.288220,0.014308,0.000000,0.305761
493,0,0.000000,1.483015,0.047425,0.001042,1.525547,0.000000,0.000000,1.615267,0.010113,0.511444,0.007097,0.000000,0.522792
494,0,0.000000,1.253905,0.046573,0.001170,1.300291,0.000000,0.000000,1.408862,0.016264,0.221035,0.001922,0.000000,0.239221
495,0,0.000000,1.251600,0.085694,0.000987,1.338238,0.000000,0.000000,1.406018,0.029816,0.313338,0.028339,0.000000,0.371493
496,0,0.000000,1.279488,0.043172,0.001062,1.322471,0.000000,0.000000,1.375329,0.011255,0.313189,0.001890,0.000000,0.325662
497,0,0.000000,1.262707,0.076435,0.001013,1.334620,0.000000,0.000000,1.393322,0.011774,0.307559,0.006553,0.000000,0.324311
498,0,0.000000,1.269090,0.079028,0.001158,1.344297,0.000000,0.000000,1.380375,0.010387,0.295769,0.009630,0.000000,0.315786
499,0,0.000000,1.271576,0.063312,0.000985,1.330702,0.000000,0.000000,1.374296,0.009813,0.266686,0.008310,0.000000,0.284809
500,0,0.000000,1.246913,0.074574,0.001079,1.313927,0.000000,0.000000,1.378004,0.011353,0.271680,0.008819,0.000000,0.291852
501,0,0.000000,1.265690,0.077893,0.001069,1.339136,0.000000,0.000000,1.408569,0.010242,0.278718,0.007074,0.000000,0.295679
502,0,0.000000,1.250913,0.072671,0.000948,1.315261,0.000000,0.000000,1.384849,0.010182,0.209127,0.009138,0.000000,0.221055
503,0,0.000000,1.246880,0.079045,0.000941,1.318342,0.000000,0.000000,1.377986,0.011984,0.280929,0.009126,0.000000,0.299746
504,0,0.000000,1.335773,0.082006,0.001079,1.407099,0.000000,0.000000,1.480191,0.009242,0.348015,0.012141,0.000000,0.367047
505,0,0.000000,1.233680,0.080220,0.001082,1.305332,0.000000,0.000000,1.350972,0.011012,0.181750,0.009828,0.000000,0.199758
506,0,0.000000,1.227998,0.081567,0.000940,1.305191,0.000000,0.000000,1.359118,0.011727,0.273105,0.014874,0.000000,0.295068
507,0,0.000000,1.273045,0.082810,0.001125,1.347988,0.000000,0.000000,1.398274,0.009690,0.281608,0.009671,0.000000,0.299521
508,0,0.000000,1.264266,0.078580,0.000984,1.338286,0.000000,0.000000,1.370900,0.010517,0.238166,0.006868,0.000000,0.255551
509,0,0.000000,1.233689,0.081310,0.000919,1.315918,0.000000,0.000000,1.357013,0.010589,0.248430,0.006817,0.000000,0.265836
510,0,0.000000,1.246773,0.079647,0.001027,1.319493,0.000000,0.000000,1.353405,0.009750,0.257793,0.009071,0.000000,0.276486
511,0,0.000000,1.215345,0.078888,0.001064,1.284108,0.000000,0.000000,1.341769,0.009151,0.182069,0.012157,0.000000,0.199241
512,0,0.000000,1.243106,0.078894,0.001038,1.312453,0.000000,0.000000,1.405471,0.011218,0.261727,0.011425,0.000000,0.277865
513,0,0.000000,1.298039,0.077511,0.001029,1.366449,0.000000,0.000000,1.431395,0.010425,0.319916,0.010515,0.000000,0.332029
514,0,0.000000,1.259513,0.082110,0.001052,1.332090,0.000000,0.000000,1.373274,0.011372,0.240355,0.011681,0.000000,0.261714
515,0,0.000000,2.260542,0.271884,0.001394,2.321976,0.000000,0.000000,2.695946,0.011304,1.258455,0.011494,0.000000,1.271046
516,0,0.000000,1.989127,0.362902,0.006973,2.359002,0.000000,0.000000,2.431322,0.031747,0.790370,0.010101,0.000000,0.816760
517,0,0.000000,1.288350,0.076793,0.001002,1.360141,0.000000,0.000000,1.412063,0.015941,0.311894,0.008290,0.000000,0.336125
518,0,0.000000,1.288546,0.077046,0.000990,1.361454,0.000000,0.000000,1.392684,0.010161,0.369920,0.009831,0.000000,0.389912
519,0,0.000000,1.249010,0.079515,0.000955,1.329480,0.000000,0.000000,1.375702,0.010371,0.342238,0.012296,0.000000,0.364905
520,0,0.000000,1.275225,0.087073,0.001063,1.363361,0.000000,0.000000,1.408547,0.010836,0.370477,0.009999,0.000000,0.391312
521,0,0.000000,1.259572,0.080661,0.001023,1.329911,0.000000,0.000000,1.380308,0.010179,0.334002,0.012221,0.000000,0.354105
522,0,0.000000,1.259862,0.079423,0.000973,1.332134,0.000000,0.000000,1.369544,0.012379,0.325023,0.011181,0.000000,0.348583
523,0,0.000000,1.287994,0.078554,0.000976,1.359979,0.000000,0.000000,1.401729,0.009610,0.343222,0.008211,0.000000,0.360489
524,0,0.000000,1.566039,0.068193,0.002017,1.636249,0.000000,0.000000,1.740669,0.010838,0.618005,0.001457,0.000000,0.630300
525,0,0.000000,2.396991,0.048019,0.001070,2.439042,0.000000,0.000000,2.505807,0.022335,1.421648,0.006363,0.000000,1.442448
526,0,0.000000,1.179051,0.075939,0.000952,1.247167,0.000000,0.000000,1.287844,0.016496,0.217810,0.006207,0.000000,0.234843
527,0,0.000000,1.195718,0.079966,0.001035,1.260408,0.000000,0.000000,1.313244,0.011487,0.251970,0.018171,0.000000,0.278542
528,0,0.000000,1.442041,0.094112,0.001056,1.537209,0.000000,0.000000,1.573851,0.009798,0.455406,0.001136,0.000000,0.466099
529,0,0.000000,1.703847,0.076554,0.000976,1.772106,0.000000,0.000000,1.828311,0.016374,0.715714,0.006727,0.000000,0.731982
530,0,0.000000,1.201430,0.076749,0.000959,1.270740,0.000000,0.000000,1.310255,0.011627,0.163409,0.007914,0.000000,0.175637
531,0,0.000000,1.176105,0.078695,0.000956,1.248758,0.000000,0.000000,1.294315,0.011513,0.149140,0.005476,0.000000,0.161287
532,0,0.000000,1.195389,0.081398,0.000947,1.261199,0.000000,0.000000,1.358998,0.010588,0.169578,0.010385,0.000000,0.180766
533,0,0.000000,1.231773,0.087738,0.000997,1.301970,0.000000,0.000000,1.408203,0.009506,0.214673,0.003738,0.000000,0.225913
534,0,0.000000,1.789443,0.136276,0.001917,1.927636,0.000000,0.000000,1.979996,0.012144,0.725134,0.065431,0.000000,0.796113
535,0,0.000000,1.503566,0.070921,0.000968,1.569970,0.000000,0.000000,1.676685,0.020152,0.465214,0.001690,0.000000,0.483564
536,0,0.000000,1.212657,0.079065,0.000958,1.279586,0.000000,0.000000,1.345137,0.011983,0.213622,0.001989,0.000000,0.226179
537,0,0.000000,1.235613,0.076849,0.001022,1.301751,0.000000,0.000000,1.362524,0.010535,0.232193,0.001330,0.000000,0.244058
538,0,0.000000,1.248524,0.081028,0.001005,1.320996,0.000000,0.000000,1.373559,0.009814,0.168912,0.000686,0.000000,0.178177
539,0,0.000000,1.224850,0.078757,0.000941,1.296854,0.000000,0.000000,1.375396,0.012727,0.211745,0.001083,0.000000,0.225028
540,0,0.000000,1.227662,0.077914,0.001008,1.293950,0.000000,0.000000,1.366280,0.010960,0.231417,0.004869,0.000000,0.243682
541,0,0.000000,1.280796,0.078612,0.001085,1.355765,0.000000,0.000000,1.391705,0.010480,0.240420,0.000694,0.000000,0.251371
542,0,0.000000,1.220961,0.073428,0.001035,1.290893,0.000000,0.000000,1.380178,0.010735,0.202389,0.001902,0.000000,0.213585
543,0,0.000000,1.228480,0.078934,0.001151,1.299295,0.000000,0.000000,1.361353,0.010674,0.213926,0.004492,0.000000,0.225140
544,0,0.000000,1.252062,0.074068,0.000968,1.318410,0.000000,0.000000,1.372675,0.010269,0.230078,0.005108,0.000000,0.241612
545,0,0.000000,1.369673,0.065836,0.001094,1.436456,0.000000,0.000000,1.491200,0.020125,0.138719,0.002348,0.000000,0.159164
546,0,0.000000,1.238999,0.075236,0.000968,1.307999,0.000000,0.000000,1.370516,0.032483,0.219992,0.005739,0.000000,0.253232
547,0,0.000000,1.465525,0.105260,0.001680,1.572465,0.000000,0.000000,1.711851,0.010833,0.513589,0.041535,0.000000,0.565957
548,0,0.000000,2.065288,0.085040,0.001385,2.151713,0.000000,0.000000,2.256677,0.017550,1.036732,0.015669,0.000000,1.067574
549,0,0.000000,1.698875,0.078525,0.001171,1.778571,0.000000,0.000000,1.853319,0.013817,0.649730,0.014072,0.000000,0.663752
550,0,0.000000,1.492374,0.081975,0.001065,1.573493,0.000000,0.000000,1.628260,0.013038,0.394328,0.011001,0.000000,0.408169
551,0,0.000000,1.315589,0.077056,0.000972,1.389969,0.000000,0.000000,1.458688,0.012671,0.255142,0.007346,0.000000,0.268356
552,0,0.000000,1.272191,0.077996,0.000967,1.340472,0.000000,0.000000,1.414379,0.011263,0.204367,0.001653,0.000000,0.217283
553,0,0.000000,1.331337,0.086286,0.001057,1.399026,0.000000,0.000000,1.448066,0.011681,0.236507,0.020855,0.000000,0.266623
554,0,0.000000,2.592431,0.361454,0.002412,2.956297,0.000000,0.000000,3.097457,0.010164,1.494173,0.004121,0.000000,1.504736
555,0,0.000000,1.283984,0.074256,0.001069,1.355458,0.000000,0.000000,1.426584,0.015633,0.188726,0.001136,0.000000,0.204921
556,0,0.000000,1.211475,0.065060,0.001079,1.274795,0.000000,0.000000,1.324589,0.011110,0.256674,0.001365,0.000000,0.269149
557,0,0.000000,1.232765,0.073272,0.000907,1.306944,0.000000,0.000000,1.356660,0.010785,0.299769,0.000768,0.000000,0.310944
558,0,0.000000,1.246194,0.079253,0.001027,1.326474,0.000000,0.000000,1.383039,0.010344,0.305614,0.001439,0.000000,0.316472
559,0,0.000000,1.253599,0.075595,0.001065,1.330259,0.000000,0.000000,1.366709,0.009812,0.262148,0.001597,0.000000,0.273557
560,0,0.000000,1.266730,0.072253,0.001017,1.338270,0.000000,0.000000,1.396422,0.011503,0.303407,0.000875,0.000000,0.315187
561,0,0.000000,1.332499,0.099863,0.001016,1.403572,0.000000,0.000000,1.474581,0.010732,0.379226,0.035104,0.000000,0.425062
562,0,0.000000,1.575927,0.122755,0.001570,1.699745,0.000000,0.000000,1.792792,0.011065,0.490431,0.000863,0.000000,0.500543
563,0,0.000000,3.186521,0.107949,0.001544,3.296014,0.000000,0.000000,3.374465,0.022696,1.917643,0.002928,0.000000,1.937508
564,0,0.000000,2.056835,0.081910,0.001155,2.139687,0.000000,0.000000,2.217384,0.034451,0.941228,0.032331,0.000000,0.975549
565,0,0.000000,1.806037,0.058657,0.001144,1.865565,0.000000,0.000000,1.958837,0.020200,0.635802,0.006929,0.000000,0.653938
566,0,0.000000,1.543244,0.090232,0.001046,1.634522,0.000000,0.000000,1.726077,0.017494,0.355376,0.038809,0.000000,0.409870
567,0,0.000000,1.513676,0.055310,0.000947,1.567055,0.000000,0.000000,1.672213,0.018460,0.534856,0.001995,0.000000,0.553104
568,0,0.000000,1.240428,0.073791,0.001113,1.312239,0.000000,0.000000,1.342062,0.012670,0.221420,0.001014,0.000000,0.234031
569,0,0.000000,1.227025,0.086215,0.001025,1.292313,0.000000,0.000000,1.369979,0.011608,0.296254,0.004573,0.000000,0.309247
570,0,0.000000,1.238874,0.073365,0.000938,1.309522,0.000000,0.000000,1.339344,0.011517,0.269435,0.001118,0.000000,0.281444
571,0,0.000000,1.399073,0.107625,0.001458,1.508156,0.000000,0.000000,1.599425,0.035977,0.287008,0.001243,0.000000,0.324228
572,0,0.000000,1.577137,0.043575,0.000966,1.621243,0.000000,0.000000,1.706744,0.027384,0.433791,0.001503,0.000000,0.456488
573,0,0.000000,1.472529,0.077025,0.001044,1.550598,0.000000,0.000000,1.590861,0.015016,0.547403,0.004118,0.000000,0.566537
574,0,0.000000,1.248567,0.083305,0.000973,1.318740,0.000000,0.000000,1.378515,0.010526,0.319607,0.020087,0.000000,0.350176
575,0,0.000000,1.314274,0.072701,0.001154,1.388129,0.000000,0.000000,1.415863,0.009297,0.360258,0.005831,0.000000,0.375386
576,0,0.000000,1.326521,0.077146,0.001071,1.404738,0.000000,0.000000,1.442066,0.011158,0.397037,0.005343,0.000000,0.413538
577,0,0.000000,1.291207,0.074043,0.001074,1.366324,0.000000,0.000000,1.432530,0.010062,0.343917,0.003961,0.000000,0.357940
578,0,0.000000,1.264920,0.083130,0.001031,1.333343,0.000000,0.000000,1.387434,0.010973,0.340044,0.017749,0.000000,0.368766
579,0,0.000000,1.311952,0.078059,0.001190,1.391201,0.000000,0.000000,1.420355,0.009819,0.353194,0.000799,0.000000,0.363476
580,0,0.000000,1.351351,0.076131,0.001127,1.428609,0.000000,0.000000,1.461329,0.010211,0.386368,0.002159,0.000000,0.398738
581,0,0.000000,1.293247,0.076167,0.001079,1.341443,0.000000,0.000000,1.420350,0.010235,0.324613,0.043737,0.000000,0.378585
582,0,0.000000,1.319932,0.075982,0.001456,1.397018,0.000000,0.000000,1.424464,0.010555,0.330923,0.000931,0.000000,0.341907
583,0,0.000000,1.374098,0.073404,0.001068,1.448570,0.000000,0.000000,1.482966,0.010056,0.386481,0.002787,0.000000,0.399324
584,0,0.000000,1.286181,0.074202,0.001158,1.361541,0.000000,0.000000,1.419819,0.011232,0.338861,0.002744,0.000000,0.352837
585,0,0.000000,1.309711,0.074214,0.001143,1.385068,0.000000,0.000000,1.420945,0.009111,0.339809,0.000954,0.000000,0.349479
586,0,0.000000,1.534729,0.075450,0.000990,1.611169,0.000000,0.000000,1.653228,0.009694,0.568425,0.001175,0.000000,0.579294
587,0,0.000000,1.363675,0.077286,0.000972,1.441933,0.000000,0.000000,1.485408,0.011839,0.412265,0.000893,0.000000,0.423995
588,0,0.000000,1.477785,0.077954,0.001108,1.556311,0.000000,0.000000,1.590659,0.010239,0.517630,0.005652,0.000000,0.533521
589,0,0.000000,1.433886,0.080368,0.001089,1.514858,0.000000,0.000000,1.554993,0.011001,0.472664,0.011305,0.000000,0.494970
590,0,0.000000,1.383825,0.073847,0.000989,1.458572,0.000000,0.000000,1.506352,0.010584,0.445239,0.007297,0.000000,0.463120
591,0,0.000000,1.260025,0.073928,0.002134,1.298884,0.000000,0.000000,1.446069,0.010058,0.345356,0.043227,0.000000,0.398343
592,0,0.000000,2.085595,0.080600,0.001145,2.163878,0.000000,0.000000,2.234794,0.025656,1.100044,0.000898,0.000000,1.123995
593,0,0.000000,1.359255,0.106889,0.001223,1.432657,0.000000,0.000000,1.519188,0.017623,0.359253,0.038427,0.000000,0.415195
594,0,0.000000,1.294117,0.075202,0.001247,1.370566,0.000000,0.000000,1.447044,0.012059,0.323407,0.001716,0.000000,0.337182
595,0,0.000000,1.292691,0.076903,0.001208,1.370802,0.000000,0.000000,1.420699,0.011041,0.334937,0.000976,0.000000,0.346467
596,0,0.000000,1.365150,0.040187,0.001006,1.406343,0.000000,0.000000,1.462839,0.009270,0.402809,0.002273,0.000000,0.414352
597,0,0.000000,1.275318,0.075883,0.001162,1.352363,0.000000,0.000000,1.424925,0.020228,0.310371,0.001664,0.000000,0.324425
598,0,0.000000,1.457094,0.073482,0.001067,1.531643,0.000000,0.000000,1.632007,0.019661,0.542929,0.001620,0.000000,0.555460
599,0,0.000000,1.268598,0.070122,0.001078,1.339798,0.000000,0.000000,1.388968,0.011361,0.328834,0.001578,0.000000,0.341773
600,0,0.000000,1.281008,0.074281,0.000947,1.356236,0.000000,0.000000,1.420451,0.010838,0.328946,0.001041,0.000000,0.340409
601,0,0.000000,1.314118,0.085332,0.001186,1.400636,0.000000,0.000000,1.435355,0.010337,0.343368,0.001303,0.000000,0.354320
602,0,0.000000,2.388501,0.070922,0.001009,2.454135,0.000000,0.000000,2.524614,0.010176,1.011520,0.000982,0.000000,1.020526
603,0,0.000000,1.422079,0.081930,0.000999,1.495117,0.000000,0.000000,1.569464,0.018992,0.416203,0.014772,0.000000,0.449967
604,0,0.000000,1.297693,0.072361,0.000914,1.370968,0.000000,0.000000,1.432479,0.011636,0.290855,0.000841,0.000000,0.302994
605,0,0.000000,1.348565,0.072254,0.001026,1.421845,0.000000,0.000000,1.485356,0.011286,0.394220,0.001169,0.000000,0.406675
606,0,0.000000,1.278137,0.072284,0.000941,1.350692,0.000000,0.000000,1.414775,0.010828,0.309842,0.001163,0.000000,0.321261
607,0,0.000000,1.271473,0.083107,0.001130,1.343151,0.000000,0.000000,1.425102,0.011575,0.355762,0.020665,0.000000,0.388002
608,0,0.000000,1.259763,0.072107,0.000939,1.332809,0.000000,0.000000,1.377053,0.010254,0.346594,0.001273,0.000000,0.358121
609,0,0.000000,1.293651,0.048037,0.001047,1.342735,0.000000,0.000000,1.397100,0.010743,0.279802,0.000940,0.000000,0.291375
610,0,0.000000,1.274074,0.073443,0.000943,1.348460,0.000000,0.000000,1.406204,0.011772,0.321946,0.000972,0.000000,0.334421
611,0,0.000000,1.439215,0.344848,0.001534,1.490327,0.000000,0.000000,1.847560,0.010488,0.494936,0.301188,0.000000,0.704701
612,0,0.000000,1.732061,0.081163,0.001334,1.805616,0.000000,0.000000,1.938242,0.030519,0.587942,0.001009,0.000000,0.619016
613,0,0.000000,1.276758,0.075690,0.001003,1.353451,0.000000,0.000000,1.389721,0.020101,0.345125,0.002043,0.000000,0.367269
614,0,0.000000,1.310073,0.071711,0.000905,1.382689,0.000000,0.000000,1.419359,0.010255,0.290696,0.000932,0.000000,0.301555
615,0,0.000000,1.269159,0.073487,0.001024,1.343670,0.000000,0.000000,1.440232,0.011649,0.319963,0.001899,0.000000,0.331973
616,0,0.000000,1.307497,0.075480,0.003704,1.382304,0.000000,0.000000,1.436500,0.010474,0.349349,0.001856,0.000000,0.361679
617,0,0.000000,1.325781,0.076432,0.001022,1.403235,0.000000,0.000000,1.472076,0.010766,0.327299,0.000809,0.000000,0.338452
618,0,0.000000,1.261115,0.072453,0.000984,1.334552,0.000000,0.000000,1.409416,0.011347,0.314441,0.001427,0.000000,0.326434
619,0,0.000000,1.324118,0.074688,0.001056,1.399862,0.000000,0.000000,1.450459,0.009708,0.365904,0.001174,0.000000,0.376669
620,0,0.000000,1.251206,0.068428,0.000991,1.320426,0.000000,0.000000,1.370607,0.010262,0.283072,0.001410,0.000000,0.294744
621,0,0.000000,1.335149,0.069430,0.001173,1.397921,0.000000,0.000000,1.473265,0.022626,0.417660,0.009192,0.000000,0.446011
622,0,0.000000,1.437541,0.134215,0.004157,1.575913,0.000000,0.000000,1.620322,0.015713,0.389767,0.088711,0.000000,0.475901
623,0,0.000000,1.991823,0.064565,0.001048,2.049824,0.000000,0.000000,2.136193,0.017278,0.998884,0.000727,0.000000,1.015713
624,0,0.000000,1.262337,0.076971,0.000989,1.330011,0.000000,0.000000,1.375948,0.012385,0.214860,0.004197,0.000000,0.228088
625,0,0.000000,2.232982,0.060444,0.001141,2.291536,0.000000,0.000000,2.333019,0.011567,1.257291,0.001099,0.000000,1.269454
626,0,0.000000,2.597044,0.131082,0.001167,2.729293,0.000000,0.000000,2.781900,0.014152,1.556416,0.002335,0.000000,1.571093
627,0,0.000000,1.546369,0.184918,0.004916,1.736203,0.000000,0.000000,1.831483,0.017228,0.503255,0.004730,0.000000,0.520278
628,0,0.000000,2.373837,0.071672,0.001068,2.438463,0.000000,0.000000,2.538531,0.022967,1.332862,0.006601,0.000000,1.354795
629,0,0.000000,1.858241,0.083903,0.001571,1.943715,0.000000,0.000000,2.020306,0.014107,0.572824,0.029947,0.000000,0.616878
630,0,0.000000,1.439063,0.070883,0.001095,1.510958,0.000000,0.000000,1.561984,0.020654,0.401377,0.013273,0.000000,0.433094
631,0,0.000000,1.224875,0.064649,0.000967,1.284109,0.000000,0.000000,1.326011,0.012277,0.282882,0.003146,0.000000,0.296199
632,0,0.000000,1.250958,0.067455,0.000966,1.316791,0.000000,0.000000,1.348693,0.012784,0.266031,0.005810,0.000000,0.284087
633,0,0.000000,1.207452,0.064001,0.000995,1.253855,0.000000,0.000000,1.467813,0.009753,0.374217,0.023291,0.000000,0.407261
634,0,0.000000,1.237894,0.067236,0.000957,1.300926,0.000000,0.000000,1.376158,0.011485,0.304992,0.005524,0.000000,0.319168
635,0,0.000000,1.227181,0.057546,0.001117,1.284709,0.000000,0.000000,1.340788,0.010609,0.279092,0.001875,0.000000,0.290407
636,0,0.000000,1.246461,0.055226,0.000966,1.298548,0.000000,0.000000,1.350134,0.011013,0.274548,0.005252,0.000000,0.287000
637,0,0.000000,1.236786,0.062232,0.000928,1.299128,0.000000,0.000000,1.363361,0.039211,0.293212,0.005104,0.000000,0.337527
638,0,0.000000,1.263387,0.068629,0.000872,1.328499,0.000000,0.000000,1.361073,0.010179,0.296498,0.005182,0.000000,0.310499
639,0,0.000000,1.620944,0.195882,0.009250,1.826076,0.000000,0.000000,2.112722,0.011196,0.527657,0.019741,0.000000,0.554667
640,0,0.000000,1.526790,0.075271,0.000986,1.593603,0.000000,0.000000,1.698938,0.030805,0.317850,0.010659,0.000000,0.338632
641,0,0.000000,1.299882,0.074115,0.001061,1.375001,0.000000,0.000000,1.442298,0.014469,0.360626,0.010304,0.000000,0.382569
642,0,0.000000,1.224947,0.085691,0.000973,1.311611,0.000000,0.000000,1.409107,0.011195,0.325940,0.029150,0.000000,0.353331
643,0,0.000000,1.234951,0.076350,0.001058,1.305602,0.000000,0.000000,1.360898,0.010621,0.278571,0.010113,0.000000,0.290495
644,0,0.000000,1.285221,0.081330,0.001047,1.350819,0.000000,0.000000,1.402706,0.011376,0.321782,0.014193,0.000000,0.334261
645,0,0.000000,1.209846,0.075659,0.001026,1.279811,0.000000,0.000000,1.336953,0.012010,0.270418,0.009991,0.000000,0.287118
646,0,0.000000,1.402971,0.077627,0.000922,1.481513,0.000000,0.000000,1.523066,0.009506,0.437664,0.009472,0.000000,0.456133
647,0,0.000000,1.229147,0.073859,0.001042,1.299857,0.000000,0.000000,1.344020,0.011205,0.283550,0.005074,0.000000,0.298563
648,0,0.000000,1.237064,0.081484,0.000959,1.305708,0.000000,0.000000,1.350510,0.010021,0.292456,0.016855,0.000000,0.314929
649,0,0.000000,2.680623,0.079783,0.001006,2.750435,0.000000,0.000000,2.848665,0.009015,1.515147,0.011410,0.000000,1.524284
650,0,0.000000,1.326780,0.068144,0.000952,1.395842,0.000000,0.000000,1.452057,0.016389,0.354932,0.008084,0.000000,0.372346
651,0,0.000000,1.302655,0.076766,0.001025,1.380370,0.000000,0.000000,1.435637,0.010012,0.312452,0.012287,0.000000,0.326075
652,0,0.000000,1.237533,0.080752,0.000950,1.319167,0.000000,0.000000,1.385932,0.011589,0.305569,0.017831,0.000000,0.327552
653,0,0.000000,1.296352,0.096171,0.001103,1.361584,0.000000,0.000000,1.441481,0.010165,0.370820,0.001956,0.000000,0.382941
654,0,0.000000,1.214249,0.071868,0.000991,1.282364,0.000000,0.000000,1.337521,0.011550,0.225600,0.002603,0.000000,0.239753
655,0,0.000000,1.208613,0.078509,0.000933,1.288055,0.000000,0.000000,1.323611,0.011128,0.274077,0.012362,0.000000,0.297567
656,0,0.000000,1.213672,0.106282,0.001054,1.320869,0.000000,0.000000,1.349966,0.009959,0.276967,0.038798,0.000000,0.325724
657,0,0.000000,1.234636,0.064343,0.001066,1.296007,0.000000,0.000000,1.336431,0.010071,0.267059,0.005663,0.000000,0.282793
658,0,0.000000,1.237425,0.076622,0.000948,1.308964,0.000000,0.000000,1.350698,0.010921,0.299308,0.007087,0.000000,0.316818
659,0,0.000000,1.422914,0.066276,0.000980,1.490170,0.000000,0.000000,1.597319,0.009020,0.381805,0.003480,0.000000,0.394305
660,0,0.000000,1.262046,0.069998,0.001215,1.330269,0.000000,0.000000,1.390224,0.014367,0.216525,0.003175,0.000000,0.232650
661,0,0.000000,1.315032,0.078499,0.000982,1.394513,0.000000,0.000000,1.493724,0.012916,0.382331,0.006649,0.000000,0.401896
662,0,0.000000,1.261548,0.107155,0.000972,1.331566,0.000000,0.000000,1.405144,0.010871,0.303024,0.001247,0.000000,0.315061
663,0,0.000000,1.213942,0.082624,0.000979,1.297481,0.000000,0.000000,1.342729,0.011975,0.269543,0.015128,0.000000,0.292570
664,0,0.000000,1.225007,0.080417,0.001003,1.298964,0.000000,0.000000,1.349215,0.011136,0.295956,0.010960,0.000000,0.318052
665,0,0.000000,1.269495,0.080123,0.001009,1.350558,0.000000,0.000000,1.391199,0.009563,0.316003,0.012317,0.000000,0.332265
666,0,0.000000,1.217143,0.079387,0.000980,1.297442,0.000000,0.000000,1.378513,0.011313,0.267562,0.013851,0.000000,0.288885
667,0,0.000000,1.214640,0.073891,0.000942,1.289473,0.000000,0.000000,1.337237,0.010982,0.273761,0.006772,0.000000,0.286239
668,0,0.000000,1.287404,0.077838,0.000967,1.359716,0.000000,0.000000,1.395920,0.010417,0.302513,0.007869,0.000000,0.316662
669,0,0.000000,1.235158,0.074468,0.001017,1.310568,0.000000,0.000000,1.387060,0.011446,0.267082,0.006093,0.000000,0.284621
670,0,0.000000,1.225889,0.072460,0.001132,1.299432,0.000000,0.000000,1.364488,0.023728,0.304167,0.006693,0.000000,0.315875
671,0,0.000000,1.243878,0.072985,0.001005,1.317868,0.000000,0.000000,1.385557,0.011685,0.207905,0.013274,0.000000,0.230065
672,0,0.000000,1.284030,0.079160,0.000963,1.364093,0.000000,0.000000,1.413160,0.012765,0.276360,0.011093,0.000000,0.300218
673,0,0.000000,1.346444,0.083068,0.001059,1.430448,0.000000,0.000000,1.494169,0.010560,0.413876,0.011038,0.000000,0.435474
674,0,0.000000,1.225440,0.073568,0.000939,1.295162,0.000000,0.000000,1.341794,0.011024,0.260500,0.008059,0.000000,0.279034
675,0,0.000000,1.217658,0.080630,0.000986,1.299243,0.000000,0.000000,1.325561,0.011462,0.266879,0.013882,0.000000,0.290322
676,0,0.000000,1.223395,0.080554,0.001024,1.304790,0.000000,0.000000,1.385961,0.010377,0.291051,0.009766,0.000000,0.311194
677,0,0.000000,1.207803,0.074043,0.001079,1.274111,0.000000,0.000000,1.327052,0.010393,0.242093,0.009445,0.000000,0.253830
678,0,0.000000,1.246532,0.083330,0.000945,1.330807,0.000000,0.000000,1.388542,0.010969,0.299034,0.016079,0.000000,0.321613
679,0,0.000000,1.247048,0.082134,0.001020,1.330181,0.000000,0.000000,1.356343,0.010268,0.294127,0.014355,0.000000,0.318750
680,0,0.000000,1.277715,0.062211,0.001021,1.340947,0.000000,0.000000,1.381284,0.010469,0.328766,0.000941,0.000000,0.339669
681,0,0.000000,1.341383,0.074441,0.001015,1.416839,0.000000,0.000000,1.459200,0.013989,0.379419,0.000817,0.000000,0.393527
682,0,0.000000,1.294602,0.075314,0.001072,1.370988,0.000000,0.000000,1.460284,0.010988,0.338229,0.000988,0.000000,0.349251
683,0,0.000000,1.257988,0.076223,0.001187,1.335398,0.000000,0.000000,1.389477,0.010757,0.266547,0.002710,0.000000,0.280014
684,0,0.000000,1.233767,0.072468,0.000985,1.303372,0.000000,0.000000,1.361738,0.011528,0.295791,0.001617,0.000000,0.308936
685,0,0.000000,1.273350,0.103317,0.000973,1.345866,0.000000,0.000000,1.408947,0.010382,0.309835,0.001270,0.000000,0.321487
686,0,0.000000,1.413762,0.075175,0.001035,1.489972,0.000000,0.000000,1.549751,0.011663,0.477293,0.001048,0.000000,0.489486
687,0,0.000000,1.263649,0.077026,0.001078,1.341753,0.000000,0.000000,1.369870,0.010934,0.309858,0.004736,0.000000,0.325146
688,0,0.000000,1.325257,0.074423,0.001034,1.387389,0.000000,0.000000,1.440912,0.009874,0.395971,0.014803,0.000000,0.420129
689,0,0.000000,1.267126,0.075328,0.001133,1.343587,0.000000,0.000000,1.373033,0.011610,0.325058,0.000646,0.000000,0.336927
690,0,0.000000,1.246559,0.073961,0.001144,1.321664,0.000000,0.000000,1.355882,0.010030,0.285720,0.001555,0.000000,0.296456
691,0,0.000000,1.774691,0.061126,0.001438,1.837255,0.000000,0.000000,1.931385,0.010124,0.543153,0.018136,0.000000,0.568385
692,0,0.000000,1.289489,0.071612,0.001110,1.362211,0.000000,0.000000,1.422909,0.020114,0.386207,0.001121,0.000000,0.405656
693,0,0.000000,1.308245,0.067449,0.001074,1.376115,0.000000,0.000000,1.443178,0.012726,0.333691,0.000776,0.000000,0.346183
694,0,0.000000,1.274183,0.071479,0.001001,1.344281,0.000000,0.000000,1.392765,0.012521,0.329737,0.001033,0.000000,0.342681
695,0,0.000000,1.277583,0.059797,0.001018,1.338398,0.000000,0.000000,1.374475,0.013700,0.331790,0.000845,0.000000,0.345107
696,0,0.000000,1.308417,0.070162,0.000999,1.379578,0.000000,0.000000,1.418289,0.010920,0.336510,0.001028,0.000000,0.347778
697,0,0.000000,1.287109,0.060752,0.000995,1.348856,0.000000,0.000000,1.379112,0.012342,0.312442,0.000911,0.000000,0.325171
698,0,0.000000,1.251828,0.066687,0.000975,1.319220,0.000000,0.000000,1.403982,0.011661,0.295460,0.000992,0.000000,0.307520
699,0,0.000000,1.317528,0.047147,0.001232,1.365907,0.000000,0.000000,1.423462,0.009229,0.289521,0.001897,0.000000,0.300647
700,0,0.000000,1.241043,0.074623,0.001156,1.316822,0.000000,0.000000,1.529858,0.154184,0.308496,0.002110,0.000000,0.464790
701,0,0.000000,1.269715,0.075136,0.001046,1.343770,0.000000,0.000000,1.443457,0.010392,0.293700,0.007254,0.000000,0.311346
702,0,0.000000,1.261240,0.080820,0.000972,1.331536,0.000000,0.000000,1.417553,0.015159,0.155927,0.001583,0.000000,0.172669
703,0,0.000000,1.486609,0.067251,0.000984,1.545750,0.000000,0.000000,1.600808,0.018756,0.345960,0.005764,0.000000,0.361795
704,0,0.000000,1.311050,0.075213,0.001034,1.387039,0.000000,0.000000,1.455197,0.014945,0.412757,0.003596,0.000000,0.431234
705,0,0.000000,1.269388,0.083057,0.001113,1.342690,0.000000,0.000000,1.423368,0.010512,0.340645,0.017992,0.000000,0.369149
706,0,0.000000,1.278679,0.072737,0.001036,1.352404,0.000000,0.000000,1.406214,0.010980,0.389771,0.001831,0.000000,0.402582
707,0,0.000000,1.303467,0.078116,0.001152,1.380063,0.000000,0.000000,1.419186,0.009944,0.392891,0.012734,0.000000,0.415569
708,0,0.000000,1.941156,0.053910,0.000996,1.990158,0.000000,0.000000,2.028211,0.011978,1.036691,0.000980,0.000000,1.049127
709,0,0.000000,1.312606,0.084328,0.001174,1.388711,0.000000,0.000000,1.425632,0.012578,0.360620,0.021863,0.000000,0.394456
710,0,0.000000,1.247906,0.063806,0.000984,1.312696,0.000000,0.000000,1.404943,0.010585,0.305781,0.002586,0.000000,0.316893
711,0,0.000000,1.312572,0.073068,0.001053,1.386693,0.000000,0.000000,1.421848,0.010723,0.316029,0.004490,0.000000,0.331242
712,0,0.000000,1.517121,0.064428,0.001031,1.579408,0.000000,0.000000,1.657114,0.015532,0.669026,0.000927,0.000000,0.685087
713,0,0.000000,1.262611,0.073952,0.001139,1.337268,0.000000,0.000000,1.382957,0.014954,0.375889,0.007596,0.000000,0.398402
714,0,0.000000,1.247463,0.074655,0.000974,1.323092,0.000000,0.000000,1.352676,0.010491,0.380200,0.004715,0.000000,0.395406
715,0,0.000000,1.281632,0.062485,0.001079,1.345196,0.000000,0.000000,1.385274,0.008479,0.340772,0.000865,0.000000,0.349728
716,0,0.000000,1.274198,0.075481,0.001253,1.350932,0.000000,0.000000,1.377763,0.011615,0.335548,0.002860,0.000000,0.350023
717,0,0.000000,1.244829,0.075632,0.001131,1.319281,0.000000,0.000000,1.363771,0.010728,0.358920,0.001047,0.000000,0.370576
718,0,0.000000,1.246801,0.063921,0.000929,1.311420,0.000000,0.000000,1.345417,0.009608,0.302306,0.000945,0.000000,0.312465
719,0,0.000000,1.242753,0.073505,0.001037,1.313752,0.000000,0.000000,1.349608,0.012124,0.324516,0.005976,0.000000,0.342616
720,0,0.000000,1.247439,0.073830,0.000964,1.322233,0.000000,0.000000,1.352419,0.010030,0.319677,0.004732,0.000000,0.330071
721,0,0.000000,1.499298,0.118044,0.001276,1.618618,0.000000,0.000000,1.717887,0.014413,0.547500,0.002058,0.000000,0.563819
722,0,0.000000,2.167579,0.067509,0.001025,2.222131,0.000000,0.000000,2.328862,0.021643,0.957150,0.001785,0.000000,0.976850
723,0,0.000000,1.219141,0.071012,0.001051,1.286679,0.000000,0.000000,1.376979,0.016260,0.236201,0.004237,0.000000,0.252980
724,0,0.000000,1.190957,0.066558,0.001022,1.257060,0.000000,0.000000,1.330813,0.010978,0.246502,0.002702,0.000000,0.259065
725,0,0.000000,1.192922,0.077172,0.001115,1.269153,0.000000,0.000000,1.332185,0.011169,0.255409,0.007458,0.000000,0.267163
726,0,0.000000,1.221071,0.049613,0.001040,1.271724,0.000000,0.000000,1.369499,0.011249,0.280101,0.001898,0.000000,0.291872
727,0,0.000000,1.188298,0.076542,0.001025,1.260051,0.000000,0.000000,1.326275,0.010914,0.210007,0.005736,0.000000,0.221561
728,0,0.000000,1.164394,0.080920,0.000954,1.243509,0.000000,0.000000,1.270297,0.010969,0.184417,0.009308,0.000000,0.196393
729,0,0.000000,1.199487,0.058136,0.000930,1.258553,0.000000,0.000000,1.348467,0.010537,0.290606,0.002634,0.000000,0.303777
730,0,0.000000,1.161767,0.069823,0.000927,1.229029,0.000000,0.000000,1.292772,0.015466,0.302025,0.004558,0.000000,0.320377
731,0,0.000000,1.260586,0.070000,0.000971,1.331557,0.000000,0.000000,1.383100,0.010433,0.435239,0.001148,0.000000,0.446820
732,0,0.000000,1.563393,0.097774,0.001577,1.640156,0.000000,0.000000,1.838466,0.011318,0.852172,0.001067,0.000000,0.864557
733,0,0.000000,2.157405,0.064621,0.000986,2.223012,0.000000,0.000000,2.327236,0.030072,1.062376,0.001010,0.000000,1.091419
734,0,0.000000,1.137201,0.068866,0.000918,1.206912,0.000000,0.000000,1.250894,0.016407,0.067596,0.004150,0.000000,0.080842
735,0,0.000000,1.135294,0.069057,0.001062,1.205296,0.000000,0.000000,1.265991,0.009957,0.327830,0.003782,0.000000,0.340910
736,0,0.000000,1.174708,0.071278,0.000988,1.246790,0.000000,0.000000,1.298380,0.010003,0.333727,0.006275,0.000000,0.350005
737,0,0.000000,1.158696,0.065606,0.000979,1.225176,0.000000,0.000000,1.277216,0.010164,0.332083,0.005119,0.000000,0.347068
738,0,0.000000,1.147959,0.082120,0.001020,1.219988,0.000000,0.000000,1.301097,0.009924,0.295221,0.006332,0.000000,0.306182
739,0,0.000000,1.281954,0.088275,0.000972,1.344771,0.000000,0.000000,1.408351,0.018871,0.441702,0.028260,0.000000,0.474858
740,0,0.000000,1.214574,0.072610,0.000948,1.285770,0.000000,0.000000,1.345874,0.010812,0.282450,0.007517,0.000000,0.293584
741,0,0.000000,1.981845,0.100156,0.001972,2.083973,0.000000,0.000000,2.232373,0.010855,1.087132,0.058259,0.000000,1.156246
742,0,0.000000,1.771272,0.068413,0.000963,1.840532,0.000000,0.000000,1.925147,0.022860,0.872112,0.004049,0.000000,0.893922
743,0,0.000000,1.142741,0.073362,0.001001,1.216998,0.000000,0.000000,1.253811,0.011263,0.193177,0.015754,0.000000,0.220194
744,0,0.000000,1.160272,0.074226,0.000933,1.234804,0.000000,0.000000,1.314983,0.010637,0.268099,0.006801,0.000000,0.279354
745,0,0.000000,1.134510,0.074030,0.000994,1.207603,0.000000,0.000000,1.267141,0.010925,0.218506,0.007406,0.000000,0.229984
746,0,0.000000,1.114704,0.078983,0.000918,1.188887,0.000000,0.000000,1.220969,0.009896,0.181676,0.000654,0.000000,0.192128
747,0,0.000000,1.142790,0.073285,0.000958,1.216010,0.000000,0.000000,1.253812,0.009765,0.217864,0.007502,0.000000,0.228680
748,0,0.000000,1.147411,0.049558,0.000843,1.184843,0.000000,0.000000,1.249456,0.009945,0.219478,0.002280,0.000000,0.231703
749,0,0.000000,1.131460,0.073479,0.001025,1.203365,0.000000,0.000000,1.262141,0.011480,0.219686,0.004787,0.000000,0.231827
750,0,0.000000,1.122244,0.072134,0.000926,1.195166,0.000000,0.000000,1.265080,0.010952,0.202904,0.006672,0.000000,0.215279
751,0,0.000000,1.143940,0.065747,0.000962,1.207630,0.000000,0.000000,1.258257,0.010389,0.188222,0.004511,0.000000,0.200332
752,0,0.000000,1.286699,0.074239,0.000950,1.354229,0.000000,0.000000,1.420369,0.010425,0.335253,0.005123,0.000000,0.346035
753,0,0.000000,1.507277,0.076777,0.001324,1.556693,0.000000,0.000000,1.808654,0.228747,0.197232,0.004582,0.000000,0.354397
754,0,0.000000,1.308831,0.053387,0.001113,1.352068,0.000000,0.000000,1.424823,0.027314,0.138041,0.002485,0.000000,0.162044
755,0,0.000000,1.284362,0.051158,0.000992,1.336256,0.000000,0.000000,1.400583,0.016447,0.149944,0.001490,0.000000,0.166650
756,0,0.000000,1.233827,0.047746,0.000940,1.272983,0.000000,0.000000,1.342119,0.014455,0.157313,0.000938,0.000000,0.171642
757,0,0.000000,1.271627,0.050540,0.000998,1.315582,0.000000,0.000000,1.364928,0.016070,0.169364,0.003161,0.000000,0.187480
758,0,0.000000,1.229907,0.071367,0.000982,1.302256,0.000000,0.000000,1.358687,0.014866,0.124582,0.000816,0.000000,0.139467
759,0,0.000000,1.209733,0.069635,0.001006,1.280340,0.000000,0.000000,1.317614,0.016743,0.241960,0.004331,0.000000,0.260154
760,0,0.000000,1.148899,0.068978,0.000891,1.216240,0.000000,0.000000,1.250837,0.010824,0.204971,0.003574,0.000000,0.216378
761,0,0.000000,1.165380,0.069716,0.001029,1.233330,0.000000,0.000000,1.261311,0.008876,0.158957,0.004220,0.000000,0.168511
762,0,0.000000,1.208185,0.052219,0.000868,1.261238,0.000000,0.000000,1.297955,0.012054,0.064970,0.002081,0.000000,0.078868
763,0,0.000000,1.165291,0.073060,0.000980,1.239216,0.000000,0.000000,1.279668,0.018464,0.189611,0.006932,0.000000,0.210952
764,0,0.000000,1.364875,0.061684,0.001069,1.427081,0.000000,0.000000,1.464606,0.018876,0.149015,0.003349,0.000000,0.168105
765,0,0.000000,1.264062,0.075942,0.000997,1.336433,0.000000,0.000000,1.393855,0.022007,0.315961,0.004674,0.000000,0.338665
766,0,0.000000,1.257353,0.057193,0.000904,1.312619,0.000000,0.000000,1.412721,0.012938,0.382035,0.003443,0.000000,0.395556
767,0,0.000000,1.304886,0.075097,0.001009,1.380871,0.000000,0.000000,1.411540,0.014799,0.348663,0.011147,0.000000,0.369305
768,0,0.000000,1.288450,0.068171,0.000930,1.357551,0.000000,0.000000,1.420809,0.010912,0.359536,0.006879,0.000000,0.371781
769,0,0.000000,1.213335,0.071269,0.000959,1.285526,0.000000,0.000000,1.357731,0.011693,0.365880,0.003143,0.000000,0.379351
770,0,0.000000,1.259052,0.077287,0.000908,1.337247,0.000000,0.000000,1.369737,0.011091,0.346459,0.016060,0.000000,0.373610
771,0,0.000000,1.252489,0.067883,0.001029,1.321256,0.000000,0.000000,1.371401,0.010114,0.370541,0.003120,0.000000,0.383775
772,0,0.000000,1.266032,0.074894,0.001024,1.341807,0.000000,0.000000,1.401502,0.010769,0.396741,0.008577,0.000000,0.412201
773,0,0.000000,1.212703,0.076408,0.000923,1.279849,0.000000,0.000000,1.349193,0.009942,0.289987,0.001269,0.000000,0.300459
774,0,0.000000,1.392787,0.070180,0.001723,1.464609,0.000000,0.000000,1.522067,0.010281,0.487775,0.029867,0.000000,0.527923
775,0,0.000000,1.293852,0.075832,0.001269,1.365403,0.000000,0.000000,1.428517,0.015685,0.322433,0.001850,0.000000,0.338633
776,0,0.000000,1.326705,0.095723,0.001122,1.401743,0.000000,0.000000,1.468615,0.013704,0.333320,0.024685,0.000000,0.371428
777,0,0.000000,1.214533,0.071338,0.001092,1.286836,0.000000,0.000000,1.324005,0.013938,0.399159,0.004908,0.000000,0.417963
778,0,0.000000,1.241403,0.074268,0.001012,1.316658,0.000000,0.000000,1.390458,0.009025,0.438173,0.003964,0.000000,0.451162
779,0,0.000000,1.258824,0.073183,0.000964,1.332945,0.000000,0.000000,1.512361,0.009613,0.544029,0.005273,0.000000,0.555084
780,0,0.000000,1.240499,0.076638,0.001046,1.318056,0.000000,0.000000,1.366914,0.011175,0.401943,0.009651,0.000000,0.422769
781,0,0.000000,1.257274,0.074426,0.001089,1.331283,0.000000,0.000000,1.397998,0.009902,0.405545,0.003095,0.000000,0.418542
782,0,0.000000,1.348560,0.047439,0.000984,1.394820,0.000000,0.000000,1.447688,0.009514,0.474263,0.001185,0.000000,0.484231
783,0,0.000000,1.796408,0.086612,0.001281,1.884301,0.000000,0.000000,2.068617,0.014387,0.687499,0.005636,0.000000,0.705447
784,0,0.000000,1.775412,0.050409,0.001131,1.826675,0.000000,0.000000,1.987675,0.020476,0.422664,0.007812,0.000000,0.444478
785,0,0.000000,1.584597,0.049430,0.001154,1.635086,0.000000,0.000000,1.736822,0.031358,0.483927,0.021248,0.000000,0.536533
786,0,0.000000,1.141628,0.071075,0.000907,1.208745,0.000000,0.000000,1.287485,0.016612,0.267937,0.000726,0.000000,0.285160
787,0,0.000000,1.184345,0.046819,0.001001,1.232006,0.000000,0.000000,1.277839,0.010074,0.266518,0.001471,0.000000,0.277811
788,0,0.000000,1.140055,0.079478,0.000901,1.220378,0.000000,0.000000,1.281174,0.010959,0.213106,0.017782,0.000000,0.236268
789,0,0.000000,1.122238,0.070894,0.000956,1.193948,0.000000,0.000000,1.221593,0.009625,0.203354,0.002180,0.000000,0.214083
790,0,0.000000,1.167178,0.074361,0.001044,1.240079,0.000000,0.000000,1.272575,0.009717,0.198898,0.003231,0.000000,0.209166
791,0,0.000000,1.144339,0.073909,0.001087,1.216933,0.000000,0.000000,1.253425,0.010811,0.221740,0.000728,0.000000,0.233056
792,0,0.000000,1.140750,0.083153,0.000877,1.210502,0.000000,0.000000,1.255438,0.009748,0.211233,0.001128,0.000000,0.222109
793,0,0.000000,1.198586,0.073307,0.001015,1.272908,0.000000,0.000000,1.298687,0.010125,0.247060,0.001691,0.000000,0.258876
794,0,0.000000,1.169156,0.074316,0.001082,1.239085,0.000000,0.000000,1.281493,0.011421,0.206332,0.000843,0.000000,0.217662
795,0,0.000000,1.174022,0.107499,0.000915,1.237862,0.000000,0.000000,1.306869,0.009391,0.227377,0.001787,0.000000,0.238555
796,0,0.000000,1.562902,0.054374,0.001141,1.618417,0.000000,0.000000,1.671556,0.024690,0.555575,0.000924,0.000000,0.580638
797,0,0.000000,1.200857,0.067510,0.001045,1.268269,0.000000,0.000000,1.314319,0.023388,0.227049,0.000780,0.000000,0.250820
798,0,0.000000,1.308814,0.069761,0.000907,1.379095,0.000000,0.000000,1.417730,0.009566,0.448351,0.006886,0.000000,0.460913
799,0,0.000000,1.185685,0.068356,0.000921,1.243717,0.000000,0.000000,1.285353,0.014276,0.299077,0.001046,0.000000,0.313386
800,0,0.000000,1.204935,0.079207,0.000947,1.275738,0.000000,0.000000,1.332771,0.010182,0.373380,0.005743,0.000000,0.389305
801,0,0.000000,1.230845,0.072200,0.001029,1.304074,0.000000,0.000000,1.339346,0.010217,0.349900,0.000990,0.000000,0.359918
802,0,0.000000,1.239370,0.063368,0.000916,1.303654,0.000000,0.000000,1.328974,0.010197,0.351623,0.006695,0.000000,0.367827
803,0,0.000000,1.205438,0.073240,0.001106,1.279656,0.000000,0.000000,1.316297,0.010131,0.329575,0.005266,0.000000,0.344408
804,0,0.000000,1.263349,0.076005,0.000969,1.340221,0.000000,0.000000,1.365040,0.009197,0.387851,0.008620,0.000000,0.405668
805,0,0.000000,1.245559,0.068446,0.001016,1.309050,0.000000,0.000000,1.342347,0.008877,0.331332,0.001051,0.000000,0.341260
806,0,0.000000,1.222693,0.074839,0.001152,1.298415,0.000000,0.000000,1.327741,0.010298,0.348212,0.009949,0.000000,0.368459
807,0,0.000000,1.754014,0.077914,0.001220,1.833148,0.000000,0.000000,1.879815,0.009382,0.438808,0.032765,0.000000,0.480955
808,0,0.000000,1.780431,0.086506,0.001230,1.868167,0.000000,0.000000,1.980999,0.019670,0.715896,0.017142,0.000000,0.751384
809,0,0.000000,1.788460,0.081229,0.001614,1.870408,0.000000,0.000000,1.977586,0.015925,0.687640,0.017070,0.000000,0.719736
810,0,0.000000,1.786718,0.087983,0.001568,1.874149,0.000000,0.000000,1.917897,0.015267,0.638336,0.015962,0.000000,0.668960
811,0,0.000000,1.785078,0.096434,0.001594,1.882087,0.000000,0.000000,1.984302,0.016031,0.641753,0.002961,0.000000,0.659219
812,0,0.000000,1.806383,0.097144,0.001265,1.904771,0.000000,0.000000,2.001797,0.015074,0.677712,0.033237,0.000000,0.725387
813,0,0.000000,1.748863,0.107904,0.001455,1.858222,0.000000,0.000000,1.923062,0.015125,0.590007,0.044558,0.000000,0.648729
814,0,0.000000,1.766409,0.090113,0.001500,1.858022,0.000000,0.000000,1.929367,0.014979,0.571146,0.029763,0.000000,0.615105
815,0,0.000000,2.212288,0.074627,0.001028,2.287858,0.000000,0.000000,2.361118,0.015295,1.233448,0.003025,0.000000,1.251768
816,0,0.000000,1.206799,0.066134,0.001073,1.269815,0.000000,0.000000,1.358676,0.016017,0.292115,0.001781,0.000000,0.309913
817,0,0.000000,1.239157,0.072491,0.001122,1.312770,0.000000,0.000000,1.339148,0.009580,0.319845,0.004308,0.000000,0.333562
818,0,0.000000,1.204937,0.072145,0.001042,1.277191,0.000000,0.000000,1.311958,0.011766,0.320184,0.001878,0.000000,0.333828
819,0,0.000000,1.259719,0.073613,0.001226,1.328455,0.000000,0.000000,1.398337,0.010388,0.334424,0.003403,0.000000,0.345181
820,0,0.000000,1.178753,0.075720,0.001018,1.247076,0.000000,0.000000,1.303212,0.011321,0.322002,0.008698,0.000000,0.338641
821,0,0.000000,1.297929,0.070597,0.001064,1.366774,0.000000,0.000000,1.419560,0.008572,0.358167,0.003513,0.000000,0.368157
822,0,0.000000,1.240350,0.064126,0.001022,1.303761,0.000000,0.000000,1.374696,0.010345,0.332391,0.001155,0.000000,0.343891
823,0,0.000000,1.176943,0.074783,0.001111,1.252613,0.000000,0.000000,1.335104,0.014737,0.326087,0.005401,0.000000,0.343576
824,0,0.000000,1.478639,0.050444,0.000966,1.525354,0.000000,0.000000,1.624722,0.010328,0.406063,0.006287,0.000000,0.418003
825,0,0.000000,2.542741,0.056168,0.001091,2.595736,0.000000,0.000000,2.725772,0.017510,1.090434,0.001178,0.000000,1.107517
826,0,0.000000,1.214425,0.058812,0.001411,1.274476,0.000000,0.000000,1.402700,0.022783,0.197210,0.001908,0.000000,0.221237
827,0,0.000000,1.963814,0.078178,0.001771,2.043351,0.000000,0.000000,2.154365,0.018661,0.875282,0.035511,0.000000,0.929454
828,0,0.000000,1.849278,0.085366,0.001711,1.919486,0.000000,0.000000,1.995091,0.020062,0.929274,0.019443,0.000000,0.968713
829,0,0.000000,2.027526,0.094020,0.001887,2.123200,0.000000,0.000000,2.191563,0.015217,1.065812,0.018138,0.000000,1.099167
830,0,0.000000,1.950253,0.087355,0.001791,2.039138,0.000000,0.000000,2.094901,0.015953,0.920903,0.001914,0.000000,0.937052
831,0,0.000000,1.850469,0.091223,0.001830,1.942922,0.000000,0.000000,2.015208,0.015535,0.824973,0.014109,0.000000,0.853346
832,0,0.000000,2.004859,0.070563,0.001755,2.073982,0.000000,0.000000,2.121405,0.014689,0.726294,0.001044,0.000000,0.740746
833,0,0.000000,1.270281,0.084464,0.001099,1.355755,0.000000,0.000000,1.396206,0.024004,0.255509,0.025165,0.000000,0.301872
834,0,0.000000,1.189574,0.072244,0.001001,1.258911,0.000000,0.000000,1.297691,0.011110,0.269179,0.001013,0.000000,0.280879
835,0,0.000000,1.147055,0.073032,0.001063,1.216347,0.000000,0.000000,1.292200,0.011175,0.141131,0.000911,0.000000,0.152829
836,0,0.000000,1.141355,0.072049,0.001049,1.212832,0.000000,0.000000,1.245889,0.013190,0.184827,0.001042,0.000000,0.198679
837,0,0.000000,1.154818,0.074039,0.001130,1.226353,0.000000,0.000000,1.271325,0.010905,0.185853,0.001035,0.000000,0.197351
838,0,0.000000,1.132325,0.069538,0.000895,1.198568,0.000000,0.000000,1.237616,0.011384,0.146701,0.000630,0.000000,0.158705
839,0,0.000000,1.149455,0.074494,0.001069,1.224781,0.000000,0.000000,1.250534,0.011232,0.197538,0.004408,0.000000,0.211876
840,0,0.000000,1.149040,0.075778,0.000953,1.225771,0.000000,0.000000,1.266924,0.009953,0.208208,0.001435,0.000000,0.218867
841,0,0.000000,1.259370,0.074888,0.001017,1.328335,0.000000,0.000000,1.432087,0.009990,0.224310,0.008268,0.000000,0.242113
842,0,0.000000,1.321044,0.042886,0.000977,1.356564,0.000000,0.000000,1.432614,0.017829,0.264300,0.001162,0.000000,0.283291
843,0,0.000000,1.278792,0.075968,0.001030,1.353047,0.000000,0.000000,1.429557,0.015097,0.376377,0.001052,0.000000,0.392244
844,0,0.000000,1.187839,0.067079,0.000963,1.253374,0.000000,0.000000,1.290269,0.014407,0.251480,0.000884,0.000000,0.266513
845,0,0.000000,1.156815,0.074715,0.001114,1.227404,0.000000,0.000000,1.273053,0.011501,0.239735,0.001338,0.000000,0.251910
846,0,0.000000,1.157792,0.075980,0.000903,1.232228,0.000000,0.000000,1.320308,0.010686,0.222324,0.001235,0.000000,0.233617
847,0,0.000000,1.182437,0.064639,0.001092,1.245698,0.000000,0.000000,1.305903,0.011344,0.262355,0.001222,0.000000,0.274921
848,0,0.000000,1.194778,0.074929,0.000948,1.267194,0.000000,0.000000,1.298751,0.010468,0.242519,0.000644,0.000000,0.253631
849,0,0.000000,1.181270,0.071970,0.000997,1.250504,0.000000,0.000000,1.336765,0.010647,0.236303,0.001210,0.000000,0.247544
850,0,0.000000,1.182673,0.074097,0.001038,1.253645,0.000000,0.000000,1.289263,0.011447,0.248044,0.002832,0.000000,0.259976
851,0,0.000000,1.192347,0.078045,0.001210,1.264734,0.000000,0.000000,1.303418,0.009268,0.239958,0.000634,0.000000,0.249860
852,0,0.000000,1.159194,0.262347,0.001891,1.415663,0.000000,0.000000,1.510457,0.011022,0.194838,0.210665,0.000000,0.387642
853,0,0.000000,1.194845,0.069434,0.001038,1.261686,0.000000,0.000000,1.314972,0.012802,0.221056,0.000659,0.000000,0.233880
854,0,0.000000,1.669935,0.049378,0.001174,1.718512,0.000000,0.000000,1.808853,0.013444,0.477352,0.000978,0.000000,0.491774
855,0,0.000000,1.249611,0.121737,0.001016,1.317370,0.000000,0.000000,1.447352,0.019221,0.226545,0.001385,0.000000,0.247151
856,0,0.000000,1.086167,0.072657,0.000986,1.156020,0.000000,0.000000,1.242644,0.014530,0.143719,0.000819,0.000000,0.158946
857,0,0.000000,1.207848,0.076779,0.000943,1.285570,0.000000,0.000000,1.329385,0.010757,0.224268,0.000894,0.000000,0.235612
858,0,0.000000,1.198754,0.070641,0.001002,1.270397,0.000000,0.000000,1.320826,0.011270,0.237827,0.001305,0.000000,0.250402
859,0,0.000000,1.212308,0.075691,0.001083,1.286300,0.000000,0.000000,1.348100,0.011354,0.222527,0.000884,0.000000,0.234581
860,0,0.000000,1.193740,0.073731,0.001045,1.268372,0.000000,0.000000,1.304749,0.012274,0.229514,0.000948,0.000000,0.242205
861,0,0.000000,1.201813,0.075365,0.001056,1.278234,0.000000,0.000000,1.306458,0.010079,0.223716,0.001946,0.000000,0.235741
862,0,0.000000,1.188536,0.075212,0.001290,1.265038,0.000000,0.000000,1.300016,0.011276,0.181002,0.001169,0.000000,0.192782
863,0,0.000000,1.188898,0.073372,0.001109,1.262467,0.000000,0.000000,1.325327,0.011382,0.221551,0.000902,0.000000,0.233470
864,0,0.000000,1.232320,0.074267,0.001065,1.305529,0.000000,0.000000,1.367265,0.010254,0.248782,0.001042,0.000000,0.259529
865,0,0.000000,1.313228,0.077983,0.001027,1.392238,0.000000,0.000000,1.442188,0.011219,0.193759,0.001629,0.000000,0.206607
866,0,0.000000,1.255681,0.050124,0.000962,1.306767,0.000000,0.000000,1.340873,0.014805,0.410069,0.000880,0.000000,0.425713
867,0,0.000000,1.196292,0.056016,0.001056,1.253224,0.000000,0.000000,1.360150,0.010600,0.363738,0.002820,0.000000,0.377158
868,0,0.000000,1.133343,0.073521,0.000917,1.207686,0.000000,0.000000,1.246199,0.011061,0.238503,0.008003,0.000000,0.257567
869,0,0.000000,1.299975,0.076969,0.001052,1.374601,0.000000,0.000000,1.416410,0.014717,0.433796,0.006131,0.000000,0.449135
870,0,0.000000,1.208348,0.070331,0.001056,1.279261,0.000000,0.000000,1.339136,0.010804,0.281182,0.001052,0.000000,0.292397
871,0,0.000000,1.190518,0.075813,0.001089,1.258397,0.000000,0.000000,1.298531,0.010123,0.259255,0.010102,0.000000,0.277699
872,0,0.000000,1.147990,0.074783,0.001133,1.223906,0.000000,0.000000,1.257748,0.010530,0.202376,0.001367,0.000000,0.213523
873,0,0.000000,1.188307,0.077763,0.001029,1.262508,0.000000,0.000000,1.295727,0.010240,0.224854,0.001012,0.000000,0.235674
874,0,0.000000,1.189689,0.076962,0.001136,1.258535,0.000000,0.000000,1.302527,0.011336,0.234358,0.010458,0.000000,0.253461
875,0,0.000000,1.152894,0.077278,0.001077,1.224205,0.000000,0.000000,1.308132,0.009010,0.190185,0.000687,0.000000,0.199843
876,0,0.000000,1.179418,0.073982,0.001030,1.247482,0.000000,0.000000,1.307989,0.011086,0.203217,0.001347,0.000000,0.215650
877,0,0.000000,1.446913,0.085374,0.001484,1.531444,0.000000,0.000000,1.614538,0.010762,0.315207,0.002339,0.000000,0.326773
878,0,0.000000,1.201420,0.082028,0.001085,1.266602,0.000000,0.000000,1.331182,0.018559,0.211438,0.020970,0.000000,0.250967
879,0,0.000000,1.203946,0.065032,0.001040,1.269428,0.000000,0.000000,1.319816,0.017757,0.256451,0.001096,0.000000,0.274202
880,0,0.000000,1.165632,0.072351,0.000947,1.238915,0.000000,0.000000,1.266988,0.013169,0.240509,0.001084,0.000000,0.254089
881,0,0.000000,1.172629,0.073001,0.001064,1.246694,0.000000,0.000000,1.278901,0.011048,0.238929,0.001536,0.000000,0.251359
882,0,0.000000,1.201491,0.066815,0.001080,1.267236,0.000000,0.000000,1.306554,0.010788,0.255405,0.000717,0.000000,0.266579
883,0,0.000000,1.287009,0.078388,0.001015,1.366403,0.000000,0.000000,1.413347,0.012284,0.349946,0.011691,0.000000,0.373921
884,0,0.000000,1.170597,0.071826,0.001063,1.242666,0.000000,0.000000,1.277230,0.010945,0.233135,0.000934,0.000000,0.244372
885,0,0.000000,1.207457,0.074816,0.001144,1.283417,0.000000,0.000000,1.313570,0.010236,0.253396,0.000971,0.000000,0.264104
886,0,0.000000,1.185859,0.067358,0.001016,1.254233,0.000000,0.000000,1.281683,0.012092,0.239591,0.000946,0.000000,0.252153
887,0,0.000000,1.200546,0.058810,0.001062,1.247206,0.000000,0.000000,1.325171,0.010225,0.263331,0.001162,0.000000,0.274085
888,0,0.000000,1.635603,0.059389,0.001474,1.678973,0.000000,0.000000,1.794190,0.014141,0.491215,0.001366,0.000000,0.505417
889,0,0.000000,1.251040,0.064798,0.000990,1.316752,0.000000,0.000000,1.362500,0.019819,0.302921,0.005135,0.000000,0.327875
890,0,0.000000,1.230761,0.066812,0.000971,1.296075,0.000000,0.000000,1.411598,0.010804,0.388151,0.000963,0.000000,0.399515
891,0,0.000000,1.309554,0.052419,0.000971,1.348575,0.000000,0.000000,1.435184,0.016586,0.390096,0.002431,0.000000,0.408345
892,0,0.000000,1.229658,0.076286,0.000953,1.306838,0.000000,0.000000,1.374612,0.012891,0.245091,0.009641,0.000000,0.264898
893,0,0.000000,1.275602,0.076590,0.001103,1.350847,0.000000,0.000000,1.421246,0.016945,0.318624,0.007979,0.000000,0.336276
894,0,0.000000,1.261371,0.083603,0.001197,1.346171,0.000000,0.000000,1.380236,0.011967,0.324499,0.018534,0.000000,0.350647
895,0,0.000000,1.233344,0.074418,0.001017,1.308637,0.000000,0.000000,1.332755,0.010854,0.282782,0.006837,0.000000,0.296408
896,0,0.000000,1.260971,0.077621,0.000913,1.333639,0.000000,0.000000,1.376341,0.009118,0.276172,0.004437,0.000000,0.285893
897,0,0.000000,1.241665,0.077211,0.001036,1.319845,0.000000,0.000000,1.348235,0.010949,0.270740,0.010483,0.000000,0.286217
898,0,0.000000,1.490213,0.060262,0.000953,1.548273,0.000000,0.000000,1.621255,0.010739,0.548732,0.004752,0.000000,0.560484
899,0,0.000000,1.231396,0.069837,0.000948,1.302130,0.000000,0.000000,1.383343,0.014578,0.205504,0.002221,0.000000,0.222269
900,0,0.000000,1.235477,0.077085,0.000955,1.312005,0.000000,0.000000,1.345662,0.012035,0.268371,0.012430,0.000000,0.280704
901,0,0.000000,1.236911,0.074062,0.001029,1.311515,0.000000,0.000000,1.360756,0.008993,0.285544,0.005600,0.000000,0.295301
902,0,0.000000,1.256366,0.066983,0.000970,1.321905,0.000000,0.000000,1.358843,0.010139,0.242040,0.003729,0.000000,0.252825
903,0,0.000000,1.217729,0.080689,0.000988,1.288471,0.000000,0.000000,1.328194,0.011016,0.247051,0.001310,0.000000,0.259377
904,0,0.000000,1.226194,0.078342,0.000921,1.303064,0.000000,0.000000,1.341550,0.010238,0.254706,0.011107,0.000000,0.265509
905,0,0.000000,1.247483,0.071929,0.000967,1.320370,0.000000,0.000000,1.349045,0.008821,0.265687,0.008314,0.000000,0.278402
906,0,0.000000,1.232175,0.078383,0.000911,1.304788,0.000000,0.000000,1.348991,0.013380,0.262176,0.005290,0.000000,0.275297
907,0,0.000000,1.258616,0.082367,0.001314,1.342297,0.000000,0.000000,1.372355,0.010272,0.281270,0.018598,0.000000,0.305016
908,0,0.000000,1.263662,0.065126,0.000879,1.326026,0.000000,0.000000,1.368291,0.009124,0.278844,0.002854,0.000000,0.288000
909,0,0.000000,1.509598,0.088960,0.001545,1.598548,0.000000,0.000000,1.699323,0.010788,0.545501,0.010816,0.000000,0.556532
910,0,0.000000,1.852415,0.079224,0.001558,1.930298,0.000000,0.000000,1.981666,0.017208,0.823538,0.004118,0.000000,0.839890
911,0,0.000000,1.754132,0.089124,0.001544,1.844446,0.000000,0.000000,1.999687,0.057009,0.939851,0.028677,0.000000,1.025294
912,0,0.000000,1.785975,0.084068,0.001723,1.860805,0.000000,0.000000,1.954139,0.014792,0.843697,0.002220,0.000000,0.858263
913,0,0.000000,1.771238,0.087950,0.001758,1.860468,0.000000,0.000000,1.951257,0.014604,0.814871,0.011711,0.000000,0.840571
914,0,0.000000,1.778150,0.085259,0.001808,1.864575,0.000000,0.000000,1.916590,0.014887,0.834834,0.012437,0.000000,0.860613
915,0,0.000000,1.774520,0.087339,0.001853,1.863379,0.000000,0.000000,1.934283,0.014817,0.794039,0.015823,0.000000,0.823247
916,0,0.000000,1.778851,0.087148,0.001558,1.867557,0.000000,0.000000,1.939401,0.015271,0.837881,0.011623,0.000000,0.863056
917,0,0.000000,2.319225,0.046321,0.001036,2.362010,0.000000,0.000000,2.418463,0.014610,1.206205,0.000747,0.000000,1.220250
918,0,0.000000,1.226468,0.082187,0.000903,1.292775,0.000000,0.000000,1.358452,0.017464,0.184361,0.001212,0.000000,0.203037
919,0,0.000000,1.161731,0.071045,0.000987,1.229625,0.000000,0.000000,1.296611,0.011840,0.232232,0.003506,0.000000,0.245470
920,0,0.000000,1.178963,0.080978,0.000950,1.240661,0.000000,0.000000,1.317231,0.011975,0.298973,0.001479,0.000000,0.312427
921,0,0.000000,1.250364,0.067603,0.000944,1.314850,0.000000,0.000000,1.388533,0.010507,0.339008,0.001309,0.000000,0.350177
922,0,0.000000,1.176366,0.066763,0.000997,1.244005,0.000000,0.000000,1.312855,0.013367,0.208545,0.004398,0.000000,0.222842
923,0,0.000000,1.091397,0.071749,0.000883,1.159417,0.000000,0.000000,1.256489,0.027729,0.257438,0.000757,0.000000,0.285765
924,0,0.000000,1.167379,0.072156,0.000935,1.238120,0.000000,0.000000,1.311531,0.010362,0.281592,0.001439,0.000000,0.292442
925,0,0.000000,1.239535,0.077027,0.000972,1.317344,0.000000,0.000000,1.362745,0.009869,0.297655,0.008770,0.000000,0.308431
926,0,0.000000,1.186151,0.075747,0.000911,1.258212,0.000000,0.000000,1.298058,0.012271,0.273207,0.003851,0.000000,0.286189
927,0,0.000000,1.457831,0.065236,0.000948,1.521559,0.000000,0.000000,1.563297,0.010433,0.454028,0.002858,0.000000,0.464788
928,0,0.000000,1.569249,0.065522,0.000992,1.632094,0.000000,0.000000,1.717076,0.015431,0.606649,0.001558,0.000000,0.622438
929,0,0.000000,1.191574,0.068624,0.000976,1.261098,0.000000,0.000000,1.310793,0.014887,0.308075,0.005698,0.000000,0.328660
930,0,0.000000,2.924879,0.863012,0.002064,3.016611,0.000000,0.000000,3.845237,0.010418,1.990395,0.006296,0.000000,2.007109
931,0,0.000000,1.446828,0.072653,0.000983,1.513743,0.000000,0.000000,1.588625,0.028138,0.217129,0.001166,0.000000,0.240103
932,0,0.000000,1.263693,0.077781,0.000954,1.342157,0.000000,0.000000,1.412750,0.019006,0.245646,0.007337,0.000000,0.267620
933,0,0.000000,2.206817,0.079810,0.001020,2.287593,0.000000,0.000000,2.354035,0.019072,1.128126,0.001700,0.000000,1.148499
934,0,0.000000,1.302960,0.078250,0.000992,1.382202,0.000000,0.000000,1.413687,0.013702,0.185522,0.016766,0.000000,0.206480
935,0,0.000000,1.437153,0.072480,0.001186,1.510444,0.000000,0.000000,1.580188,0.013039,0.416919,0.017146,0.000000,0.446757
936,0,0.000000,1.296991,0.059928,0.001023,1.357856,0.000000,0.000000,1.444822,0.025459,0.203245,0.005792,0.000000,0.233785
937,0,0.000000,1.287557,0.072431,0.001006,1.360909,0.000000,0.000000,1.438806,0.013618,0.415459,0.006180,0.000000,0.434355
938,0,0.000000,1.241163,0.075243,0.001026,1.317227,0.000000,0.000000,1.412260,0.010542,0.377379,0.008207,0.000000,0.392863
939,0,0.000000,1.275702,0.065228,0.001252,1.334463,0.000000,0.000000,1.379138,0.011375,0.382923,0.001694,0.000000,0.395992
940,0,0.000000,1.277157,0.076895,0.001085,1.355000,0.000000,0.000000,1.427858,0.010523,0.389844,0.007884,0.000000,0.407531
941,0,0.000000,1.318886,0.080740,0.000990,1.400562,0.000000,0.000000,1.432978,0.010373,0.403639,0.016334,0.000000,0.425931
942,0,0.000000,1.269038,0.078636,0.001042,1.348555,0.000000,0.000000,1.377548,0.010370,0.403690,0.010592,0.000000,0.424652
943,0,0.000000,1.260003,0.075452,0.001033,1.336362,0.000000,0.000000,1.369653,0.009710,0.390813,0.006568,0.000000,0.407091
944,0,0.000000,1.259372,0.079081,0.000987,1.339349,0.000000,0.000000,1.388552,0.009564,0.398550,0.011934,0.000000,0.419646
945,0,0.000000,1.278023,0.064679,0.001100,1.340580,0.000000,0.000000,1.435733,0.010717,0.277539,0.001227,0.000000,0.288448
946,0,0.000000,1.468395,0.076009,0.001172,1.545377,0.000000,0.000000,1.580106,0.014193,0.241284,0.010281,0.000000,0.265502
947,0,0.000000,1.269505,0.061461,0.001114,1.332017,0.000000,0.000000,1.394950,0.016601,0.397647,0.015349,0.000000,0.429597
948,0,0.000000,1.158361,0.068398,0.001061,1.226107,0.000000,0.000000,1.314136,0.014512,0.317349,0.003514,0.000000,0.335375
949,0,0.000000,1.172218,0.075429,0.001099,1.248540,0.000000,0.000000,1.288858,0.010490,0.319087,0.009980,0.000000,0.339325
950,0,0.000000,1.180425,0.063302,0.000967,1.244237,0.000000,0.000000,1.286284,0.008863,0.298176,0.003076,0.000000,0.310115
951,0,0.000000,1.145809,0.072449,0.000957,1.213254,0.000000,0.000000,1.304992,0.012952,0.283213,0.000804,0.000000,0.296167
952,0,0.000000,1.114308,0.066098,0.000998,1.180657,0.000000,0.000000,1.231201,0.011939,0.252212,0.001247,0.000000,0.264912
953,0,0.000000,1.405326,0.067377,0.001796,1.450950,0.000000,0.000000,1.512851,0.008940,0.475548,0.000875,0.000000,0.485363
954,0,0.000000,1.669197,0.085664,0.001541,1.753002,0.000000,0.000000,1.841855,0.017068,0.504998,0.000907,0.000000,0.521751
955,0,0.000000,1.516131,0.071137,0.000978,1.588246,0.000000,0.000000,1.664228,0.016312,0.340912,0.000834,0.000000,0.354359
956,0,0.000000,1.352659,0.069984,0.001052,1.420844,0.000000,0.000000,1.474440,0.014549,0.277120,0.000766,0.000000,0.291841
957,0,0.000000,1.162664,0.059621,0.001106,1.209152,0.000000,0.000000,1.268333,0.015102,0.160554,0.015379,0.000000,0.176801
958,0,0.000000,1.348118,0.077785,0.001650,1.427361,0.000000,0.000000,1.511336,0.012830,0.351794,0.039771,0.000000,0.404087
959,0,0.000000,1.904209,0.079422,0.001578,1.984960,0.000000,0.000000,2.091785,0.017557,0.894289,0.043370,0.000000,0.953754
960,0,0.000000,1.792281,0.076610,0.001512,1.869008,0.000000,0.000000,1.943219,0.018032,0.766547,0.015597,0.000000,0.799016
961,0,0.000000,1.796801,0.092284,0.001712,1.889188,0.000000,0.000000,1.973331,0.016695,0.761118,0.023620,0.000000,0.799961
962,0,0.000000,1.615715,0.075854,0.001092,1.691697,0.000000,0.000000,1.733677,0.015904,0.492027,0.002833,0.000000,0.507161
963,0,0.000000,1.248569,0.066454,0.001049,1.316071,0.000000,0.000000,1.346411,0.013753,0.307837,0.015081,0.000000,0.336671
964,0,0.000000,1.207854,0.071832,0.000919,1.272447,0.000000,0.000000,1.345430,0.011998,0.239364,0.005018,0.000000,0.255376
965,0,0.000000,1.675727,0.064410,0.001774,1.741911,0.000000,0.000000,1.801647,0.017869,0.524371,0.014822,0.000000,0.557062
966,0,0.000000,1.701966,0.070836,0.001846,1.769167,0.000000,0.000000,1.867005,0.042717,0.613553,0.020222,0.000000,0.656629
967,0,0.000000,1.814405,0.071621,0.001857,1.862204,0.000000,0.000000,2.027195,0.026274,0.207694,0.001085,0.000000,0.235053
968,0,0.000000,1.706343,0.073903,0.001839,1.782085,0.000000,0.000000,1.837120,0.027188,0.537908,0.001136,0.000000,0.562845
969,0,0.000000,1.667655,0.073931,0.001478,1.743064,0.000000,0.000000,1.813429,0.018903,0.478120,0.001271,0.000000,0.494266
970,0,0.000000,1.641449,0.072594,0.001478,1.715521,0.000000,0.000000,1.840240,0.018288,0.448826,0.000922,0.000000,0.465129
971,0,0.000000,1.825350,0.085148,0.001645,1.912143,0.000000,0.000000,1.983875,0.018648,0.568189,0.002900,0.000000,0.585015
972,0,0.000000,1.628903,0.132981,0.004421,1.716546,0.000000,0.000000,1.881685,0.021218,0.402452,0.098380,0.000000,0.452075
973,0,0.000000,2.064566,0.076661,0.001990,2.139409,0.000000,0.000000,2.225073,0.021550,0.872185,0.002040,0.000000,0.895538
974,0,0.000000,1.941691,0.082678,0.002277,2.026218,0.000000,0.000000,2.124991,0.025336,0.906718,0.026348,0.000000,0.958358
975,0,0.000000,2.034547,0.078832,0.001914,2.112259,0.000000,0.000000,2.209639,0.018989,1.106193,0.033867,0.000000,1.157199
976,0,0.000000,1.981115,0.083163,0.012177,2.076449,0.000000,0.000000,2.132938,0.021331,1.004779,0.040228,0.000000,1.064715
977,0,0.000000,1.993897,0.079943,0.001782,2.071644,0.000000,0.000000,2.121431,0.019478,1.021407,0.037569,0.000000,1.077845
978,0,0.000000,2.014043,0.091125,0.002200,2.106892,0.000000,0.000000,2.161551,0.019849,1.113505,0.034208,0.000000,1.165803
979,0,0.000000,2.255336,0.065951,0.001292,2.322402,0.000000,0.000000,2.426663,0.018090,1.357942,0.017217,0.000000,1.391080
980,0,0.000000,1.374145,0.049183,0.001075,1.423993,0.000000,0.000000,1.470298,0.019175,0.416237,0.006830,0.000000,0.442242
981,0,0.000000,1.175208,0.065892,0.001228,1.241694,0.000000,0.000000,1.277803,0.013499,0.265423,0.019645,0.000000,0.298045
982,0,0.000000,1.185449,0.066115,0.001032,1.251358,0.000000,0.000000,1.288297,0.011734,0.310073,0.004213,0.000000,0.326020
983,0,0.000000,1.159168,0.070358,0.000989,1.230515,0.000000,0.000000,1.265738,0.011650,0.253386,0.001121,0.000000,0.265303
984,0,0.000000,1.136056,0.066310,0.000913,1.203221,0.000000,0.000000,1.292060,0.010609,0.240522,0.012449,0.000000,0.262858
985,0,0.000000,1.160782,0.066983,0.001002,1.226693,0.000000,0.000000,1.282915,0.011526,0.290608,0.001364,0.000000,0.303498
986,0,0.000000,1.140628,0.054823,0.000975,1.192247,0.000000,0.000000,1.258380,0.012062,0.208462,0.002332,0.000000,0.222856
987,0,0.000000,1.173984,0.067500,0.001025,1.235421,0.000000,0.000000,1.311143,0.011086,0.237618,0.013550,0.000000,0.262254
988,0,0.000000,1.133757,0.067530,0.000952,1.200172,0.000000,0.000000,1.272745,0.012125,0.233526,0.000689,0.000000,0.246131
989,0,0.000000,1.147156,0.066417,0.000912,1.213432,0.000000,0.000000,1.258008,0.009611,0.223152,0.000989,0.000000,0.233200
990,0,0.000000,1.232168,0.069528,0.001838,1.292418,0.000000,0.000000,1.583904,0.011075,0.517050,0.001770,0.000000,0.529872
991,0,0.000000,2.092396,0.077110,0.002041,2.171547,0.000000,0.000000,2.233112,0.142850,0.341131,0.001550,0.000000,0.432724
992,0,0.000000,2.044232,0.075474,0.001502,2.099727,0.000000,0.000000,2.346523,0.038132,0.457698,0.002203,0.000000,0.496972
993,0,0.000000,1.752599,0.084395,0.002105,1.824990,0.000000,0.000000,1.989735,0.049942,0.307612,0.001818,0.000000,0.352627
994,0,0.000000,1.707541,0.073372,0.001560,1.782473,0.000000,0.000000,1.869944,0.021210,0.186732,0.001110,0.000000,0.209052
995,0,0.000000,1.748351,0.085601,0.002007,1.808894,0.000000,0.000000,1.965300,0.042646,0.181811,0.005019,0.000000,0.224864
996,0,0.000000,1.740004,0.129667,0.001413,1.815711,0.000000,0.000000,1.936284,0.023737,0.188237,0.062029,0.000000,0.274003
997,0,0.000000,1.686053,0.071059,0.001652,1.758764,0.000000,0.000000,1.883217,0.023024,0.231636,0.001185,0.000000,0.252325
998,0,0.000000,1.720236,0.070342,0.001967,1.792077,0.000000,0.000000,1.933263,0.040064,0.224858,0.001108,0.000000,0.262343
999,0,0.000000,1.669285,0.072083,0.001633,1.743001,0.000000,0.000000,1.827938,0.022915,0.531527,0.001341,0.000000,0.554185
1000,0,0.000000,1.728631,0.074725,0.002057,1.791212,0.000000,0.000000,1.918993,0.021317,0.394512,0.019258,0.000000,0.414631
1001,0,0.000000,1.958221,0.091044,0.001870,2.029654,0.000000,0.000000,2.163268,0.029813,0.734335,0.025323,0.000000,0.789471
1002,0,0.000000,1.925552,0.082094,0.002017,2.008957,0.000000,0.000000,2.078353,0.026431,0.750826,0.037312,0.000000,0.814404
1003,0,0.000000,1.928249,0.072310,0.001803,2.002142,0.000000,0.000000,2.061322,0.020733,0.946413,0.022481,0.000000,0.989590
1004,0,0.000000,1.845962,0.076609,0.001649,1.919678,0.000000,0.000000,1.977839,0.021425,0.852179,0.023600,0.000000,0.895725
1005,0,0.000000,1.965998,0.093945,0.001525,2.046525,0.000000,0.000000,2.487259,0.020592,1.241637,0.019665,0.000000,1.264001
1006,0,0.000000,1.955475,0.073636,0.002098,2.028810,0.000000,0.000000,2.130875,0.038699,0.414607,0.035235,0.000000,0.488516
1007,0,0.000000,1.921690,0.077944,0.001487,2.001121,0.000000,0.000000,2.082028,0.027074,0.637502,0.028365,0.000000,0.692041
1008,0,0.000000,2.043844,0.075867,0.002111,2.120016,0.000000,0.000000,2.193007,0.039507,0.902457,0.034476,0.000000,0.974835
1009,0,0.000000,2.097473,0.081829,0.002289,2.180918,0.000000,0.000000,2.235325,0.028664,1.006553,0.036804,0.000000,1.070356
1010,0,0.000000,2.112795,0.079755,0.002187,2.193668,0.000000,0.000000,2.273046,0.024059,1.103660,0.034174,0.000000,1.160847
1011,0,0.000000,2.048943,0.083735,0.001850,2.134322,0.000000,0.000000,2.197766,0.023955,1.054492,0.039665,0.000000,1.117119
1012,0,0.000000,2.098364,0.069782,0.001598,2.162837,0.000000,0.000000,2.227777,0.021567,1.086797,0.019663,0.000000,1.108450
1013,0,0.000000,1.812759,0.074608,0.002365,1.886448,0.000000,0.000000,1.949350,0.023825,0.675345,0.024198,0.000000,0.723018
1014,0,0.000000,1.765830,0.076974,0.001713,1.843661,0.000000,0.000000,1.904096,0.019458,0.681525,0.023314,0.000000,0.724297
1015,0,0.000000,1.830889,0.077782,0.001628,1.909230,0.000000,0.000000,2.021680,0.018361,0.764421,0.021809,0.000000,0.803488
1016,0,0.000000,1.815970,0.077745,0.001647,1.893701,0.000000,0.000000,1.959337,0.016746,0.728347,0.022611,0.000000,0.766997
1017,0,0.000000,1.834806,0.072997,0.001797,1.909144,0.000000,0.000000,1.989697,0.019957,0.782341,0.025053,0.000000,0.827351
1018,0,0.000000,1.770981,0.074864,0.001657,1.844883,0.000000,0.000000,1.914638,0.016173,0.778647,0.001913,0.000000,0.795423
1019,0,0.000000,1.862017,0.073704,0.001853,1.937574,0.000000,0.000000,1.983675,0.017014,0.865601,0.026196,0.000000,0.908526
1020,0,0.000000,1.833256,0.073261,0.001833,1.905326,0.000000,0.000000,2.007428,0.017363,0.617639,0.021743,0.000000,0.655390
1021,0,0.000000,1.813466,0.078496,0.001768,1.892366,0.000000,0.000000,1.979931,0.021311,0.813224,0.023742,0.000000,0.858277
1022,0,0.000000,1.781008,0.074280,0.001617,1.854306,0.000000,0.000000,1.902813,0.016994,0.770235,0.026901,0.000000,0.813681
1023,0,0.000000,1.793056,0.073657,0.001718,1.868110,0.000000,0.000000,1.924556,0.016144,0.801905,0.027519,0.000000,0.845415
1024,0,0.000000,1.760927,0.074561,0.001859,1.836706,0.000000,0.000000,1.898720,0.015939,0.748509,0.001815,0.000000,0.765454
1025,0,0.000000,1.868237,0.075674,0.001816,1.943673,0.000000,0.000000,2.038724,0.016016,0.898286,0.019397,0.000000,0.932534
1026,0,0.000000,1.765994,0.085760,0.001592,1.832206,0.000000,0.000000,1.953549,0.016809,0.733623,0.019701,0.000000,0.769778
1027,0,0.000000,1.874043,0.071266,0.001514,1.945763,0.000000,0.000000,1.999996,0.016577,0.791684,0.001890,0.000000,0.808597
1028,0,0.000000,1.800518,0.070073,0.001643,1.869413,0.000000,0.000000,1.964563,0.015722,0.505962,0.023378,0.000000,0.544371
1029,0,0.000000,1.841030,0.068970,0.001787,1.911639,0.000000,0.000000,2.011343,0.020887,0.836839,0.025542,0.000000,0.882967
1030,0,0.000000,1.797973,0.072162,0.001887,1.870593,0.000000,0.000000,1.937391,0.016990,0.738223,0.023755,0.000000,0.778082
1031,0,0.000000,1.900643,0.085426,0.001594,1.965985,0.000000,0.000000,2.037255,0.017740,0.836026,0.002464,0.000000,0.853965
1032,0,0.000000,1.756904,0.085407,0.001592,1.822460,0.000000,0.000000,1.928570,0.016736,0.710362,0.021367,0.000000,0.747778
1033,0,0.000000,1.798459,0.087015,0.001857,1.875349,0.000000,0.000000,1.939069,0.016214,0.821471,0.021660,0.000000,0.859345
1034,0,0.000000,1.746590,0.087045,0.001767,1.818276,0.000000,0.000000,1.892390,0.023846,0.760114,0.019555,0.000000,0.794591
1035,0,0.000000,1.800380,0.081723,0.001952,1.883891,0.000000,0.000000,2.002252,0.014798,0.785708,0.022318,0.000000,0.822310
1036,0,0.000000,1.953968,0.073612,0.001759,1.996551,0.000000,0.000000,2.093047,0.014657,0.373666,0.001787,0.000000,0.388832
1037,0,0.000000,1.840906,0.080186,0.001680,1.921771,0.000000,0.000000,2.023583,0.021470,0.999692,0.023661,0.000000,1.043285
1038,0,0.000000,1.750508,0.056037,0.001370,1.802049,0.000000,0.000000,1.896141,0.015691,0.769953,0.005750,0.000000,0.790651
1039,0,0.000000,1.803871,0.080044,0.001902,1.885564,0.000000,0.000000,1.966309,0.015467,0.791528,0.016830,0.000000,0.823825
1040,0,0.000000,1.744173,0.078805,0.001622,1.823053,0.000000,0.000000,1.906643,0.015020,0.729104,0.019868,0.000000,0.763992
1041,0,0.000000,1.762402,0.108462,0.001635,1.845636,0.000000,0.000000,1.941476,0.015070,0.828409,0.004048,0.000000,0.844126
1042,0,0.000000,1.735660,0.086699,0.001532,1.821072,0.000000,0.000000,1.904154,0.015617,0.776800,0.016026,0.000000,0.807356
1043,0,0.000000,1.739514,0.086495,0.001768,1.827709,0.000000,0.000000,1.905734,0.015605,0.803087,0.023147,0.000000,0.841178
1044,0,0.000000,1.824756,0.074894,0.002033,1.900577,0.000000,0.000000,1.970870,0.014471,0.669969,0.001833,0.000000,0.684961
1045,0,0.000000,1.756982,0.077367,0.001939,1.836086,0.000000,0.000000,1.892522,0.021240,0.807149,0.031898,0.000000,0.859971
1046,1,0.000000,1.797326,0.074055,0.001952,1.870880,0.000000,0.000000,1.923851,0.017518,0.785022,0.023730,0.000000,0.826033
1047,1,0.000000,1.756129,0.089178,0.001925,1.835793,0.000000,0.000000,1.893568,0.018971,0.772292,0.032611,0.000000,0.823806
1048,1,0.000000,1.763200,0.072909,0.001529,1.836084,0.000000,0.000000,1.889714,0.014841,0.782266,0.024976,0.000000,0.821023
1049,1,0.000000,1.750731,0.074577,0.001713,1.825225,0.000000,0.000000,1.866178,0.015282,0.779683,0.026603,0.000000,0.821568
1050,1,0.000000,2.008104,0.070404,0.001883,2.049431,0.000000,0.000000,2.121028,0.014769,0.388067,0.029020,0.000000,0.403149
1051,1,0.000000,1.870854,0.074846,0.001818,1.943585,0.000000,0.000000,2.002769,0.021013,0.807173,0.020609,0.000000,0.848701
1052,1,0.000000,1.883782,0.077169,0.001773,1.957546,0.000000,0.000000,2.044562,0.028038,0.598538,0.016508,0.000000,0.643084
1053,1,0.000000,1.978898,0.073849,0.001899,2.052072,0.000000,0.000000,2.153967,0.030283,0.419497,0.021687,0.000000,0.471154
1054,1,0.000000,1.854908,0.064695,0.001334,1.910891,0.000000,0.000000,1.986713,0.028026,0.599008,0.007380,0.000000,0.627624
1055,1,0.000000,1.313163,0.056601,0.001325,1.370591,0.000000,0.000000,1.428655,0.028717,0.205942,0.005064,0.000000,0.238670
1056,1,0.000000,1.640800,0.081668,0.001744,1.716261,0.000000,0.000000,1.789509,0.021036,0.406480,0.002306,0.000000,0.428861
